1 26 125 8 16 64 128 3 65 236 17 24 33 198 20 34 96 129 78 31 144 192 56 14 21 25 35 28 95 38 41 97 71 67 70 84 104 100 60 233 131 167 54 51 161 148 162 168 152 176 194 193 228 15 27 29 39 90 102 105 120 142 163 153 156 169 184 197 209 195 225 232 226 47 240 61 59 79 62 91 94 103 115 124 121 179 182 203 205 206 229 230 248 63 159 189 190 215 231 207 222 249 252 223 191 246 253 254 
251 245 237 231 222 215 207 190 175 157 126 111 
250 249 246 239 222 215 191 127 
252 243 237 234 221 215 203 190 187 181 167 159 127 
254 253 231 223 191 123 
253 251 247 223 174 126 111 
252 249 245 243 239 222 221 219 215 187 159 125 122 119 62 
252 247 238 237 221 207 190 187 126 123 111 31 
254 249 247 239 127 
252 251 239 221 214 190 181 159 126 125 119 
253 250 246 238 231 223 190 183 175 127 
253 250 247 223 190 175 59 
254 251 247 207 191 111 95 
254 253 239 219 215 187 183 123 119 63 
254 253 247 219 191 111 95 
252 250 249 245 238 237 235 223 191 127 
253 250 247 238 222 219 207 187 175 127 
254 253 251 215 183 175 159 63 
252 251 247 238 222 221 175 79 62 31 
249 246 243 238 229 223 189 186 167 126 109 107 47 
253 250 247 239 190 187 126 91 31 
253 251 246 238 223 190 183 119 47 
249 247 239 222 219 190 159 126 125 123 
253 247 239 219 191 95 
252 246 245 239 223 189 187 126 125 119 
252 251 238 231 223 191 127 
254 247 237 217 203 191 123 95 
253 251 247 238 190 143 127 
254 253 235 231 215 207 187 183 127 
253 250 247 238 222 219 207 190 175 159 126 107 59 
251 246 237 231 222 207 191 125 95 
252 250 241 239 223 191 119 
254 253 243 235 231 207 183 159 123 111 63 
254 253 251 191 111 95 
254 247 235 221 219 187 175 159 127 
254 253 243 231 219 215 207 191 123 95 
250 243 239 223 191 127 
251 244 238 237 231 223 191 126 125 
254 247 233 221 191 127 
251 244 239 220 215 188 182 157 127 
252 250 249 247 237 235 223 191 126 125 123 
254 249 243 239 221 215 187 181 127 
252 250 247 238 237 235 221 219 207 191 125 123 95 
253 247 235 223 191 126 111 
252 249 246 238 237 227 223 190 189 187 127 
254 253 247 239 219 63 
250 249 247 235 223 191 127 
253 250 243 231 222 219 190 183 175 127 
251 247 239 223 191 
254 251 245 237 231 221 215 191 119 95 
254 243 239 223 189 121 117 63 
254 251 231 215 205 173 159 127 
251 247 239 220 159 125 94 
254 237 227 217 215 207 191 127 
252 251 246 239 223 190 189 125 119 
251 246 245 239 220 191 127 
254 253 251 183 175 127 
250 246 245 236 235 219 215 205 191 126 125 111 95 
252 250 246 245 243 237 235 221 219 191 127 
252 251 246 245 239 221 215 191 119 95 
250 249 245 243 238 235 223 191 125 111 
253 247 238 235 222 207 191 122 111 95 
248 247 239 223 190 189 125 123 
253 251 215 207 183 127 
254 243 233 229 221 207 191 121 119 111 95 
254 253 247 235 127 
250 247 239 223 191 126 123 
253 246 243 239 219 215 191 126 123 95 
253 246 239 219 191 127 
253 250 246 239 223 183 126 123 
254 245 237 235 219 207 179 175 159 127 
254 253 247 235 187 159 91 79 63 
252 251 247 223 191 125 111 
253 250 239 215 190 187 183 159 127 
254 253 235 231 223 183 123 111 63 
254 249 245 235 223 189 187 175 125 119 63 
249 245 239 222 219 190 179 127 
254 253 231 219 207 191 127 
251 246 245 238 237 231 223 190 189 175 124 111 
254 247 237 235 219 185 175 125 123 111 63 
252 251 246 231 222 221 215 207 191 127 
253 251 247 238 159 111 
252 250 249 246 243 239 222 221 191 126 119 95 
248 246 245 243 239 223 190 189 127 
252 251 245 231 222 221 207 182 175 159 127 
253 251 247 238 191 126 95 
249 247 236 234 223 189 186 174 127 
253 243 238 235 231 223 191 123 119 
253 238 235 231 223 191 127 
254 241 239 223 189 187 127 
252 249 247 237 223 190 189 187 123 111 
254 251 245 231 191 127 
251 247 239 220 191 126 95 
253 246 235 231 222 191 126 123 119 95 
254 251 247 207 173 157 125 63 
253 250 243 239 183 123 94 87 
252 249 247 239 222 221 219 187 127 
254 245 243 235 221 219 215 207 187 175 125 119 63 
254 249 223 191 119 111 
250 249 247 239 222 191 124 123 95 
252 251 247 223 189 175 126 109 
253 251 214 207 190 183 159 126 119 
253 251 246 215 207 191 119 111 95 
251 247 238 237 222 190 175 159 127 
253 250 231 222 219 215 187 183 175 159 123 119 111 62 
254 251 237 231 221 181 151 143 125 119 111 63 
253 239 223 191 123 
247 238 207 188 185 159 127 
254 249 239 211 159 117 93 87 63 
