228 193 209 129 1 33 66 98 161 194 226 34 42 99 195 227 4 196 68 233 6 197 69 101 7 134 229 199 102 38 166 230 39 231 135 202 105 203 136 72 204 234 43 137 73 12 138 74 205 106 237 107 167 75 168 109 169 239 45 15 240 46 110 170 76 210 171 111 212 112 77 78 140 22 141 243 173 81 25 82 143 174 50 51 52 221 85 30 178 31 224 179 32 180 56 252 149 122 150 123 255 124 152 153 90 62 187 91 63 127 128 93 158 190 94 159 191 160 192 
4 8 64 128 3 18 49 
2 4 16 128 33 65 
1 4 16 64 10 40 160 
8 32 128 5 18 66 80 
8 128 6 17 18 20 33 96 
4 3 9 18 33 34 48 129 192 74 81 138 
32 64 128 3 5 9 12 17 26 
4 8 32 64 144 
4 32 3 9 10 17 18 24 66 80 144 193 
64 128 3 6 9 10 20 24 33 34 36 40 
4 8 64 17 33 48 129 160 
2 16 64 33 36 40 129 132 136 160 13 
8 16 32 65 66 130 192 
4 32 64 128 17 18 
8 64 3 17 18 34 36 160 148 
4 64 128 10 18 24 40 48 35 
2 4 8 16 64 
64 5 6 9 12 17 18 34 36 40 48 136 144 161 
32 64 9 10 18 20 24 129 136 
16 32 64 3 10 130 136 
128 3 5 10 12 17 18 20 24 33 48 65 68 80 96 38 
8 64 128 5 20 33 34 36 48 19 
8 32 64 128 6 17 
4 32 64 3 10 24 136 
8 3 5 6 48 65 68 80 144 160 98 
32 128 3 6 18 65 66 68 13 21 25 88 
4 64 3 17 33 40 129 136 144 26 50 162 
2 4 16 96 160 41 73 137 193 200 
2 16 32 9 132 76 200 
4 8 18 33 34 65 80 129 144 160 192 
4 8 32 17 18 65 66 
2 16 5 9 12 33 96 129 132 160 192 
4 128 9 10 17 24 34 65 80 96 
2 8 16 128 5 97 
8 32 3 17 20 65 66 68 129 192 
2 8 32 128 17 68 
16 64 3 5 6 12 34 36 129 130 136 41 
2 32 20 68 72 129 132 144 13 
2 8 64 5 33 36 48 132 145 
4 16 64 9 33 130 136 42 
2 8 32 5 20 65 80 129 132 
2 4 32 9 72 144 192 81 
16 32 128 6 9 65 66 72 
2 64 128 5 9 12 17 20 36 48 
4 8 16 64 128 
4 16 32 10 66 72 129 130 
4 16 128 3 10 34 40 65 72 96 
2 8 128 5 20 48 68 80 97 
2 32 128 5 12 17 24 65 72 80 
2 4 9 17 24 40 72 80 96 129 160 
2 4 8 32 65 80 192 145 
2 4 8 128 33 80 
4 32 128 9 65 66 19 88 
2 5 12 17 24 33 40 48 68 72 80 96 132 160 192 137 
2 4 64 128 17 33 
2 4 8 17 48 65 96 129 144 
2 4 8 64 129 
16 32 64 128 5 12 
16 32 3 5 6 9 10 12 66 68 72 130 192 
2 32 64 5 9 12 17 20 129 132 136 
1 16 64 10 12 34 36 40 160 134 
2 4 32 64 17 136 
8 16 64 34 36 129 130 160 
8 16 5 6 65 129 130 160 35 98 196 
2 8 17 33 65 96 132 144 192 52 
1 2 12 20 24 48 68 72 80 96 132 136 192 
16 128 5 9 10 12 33 40 65 72 96 38 
16 64 128 6 10 33 34 36 13 
1 2 128 72 44 56 100 
1 16 32 64 6 138 140 
2 128 20 40 65 72 25 37 49 112 
4 16 64 128 3 9 10 
4 16 33 34 40 72 130 192 67 
1 2 64 20 24 36 40 132 144 
4 8 16 128 34 96 67 
1 2 4 24 72 80 96 136 
16 3 9 40 68 72 129 130 37 
1 4 16 32 64 
1 32 12 24 80 130 136 144 192 22 70 
1 2 32 68 72 132 136 144 
2 64 9 24 33 36 132 136 144 160 
2 4 64 24 48 129 136 144 160 
1 16 128 6 12 66 72 96 42 
1 8 16 66 100 134 164 196 224 
1 16 6 10 66 68 72 136 160 
1 32 64 6 18 24 130 140 148 
1 2 8 32 80 132 
1 8 32 6 68 130 192 82 
1 16 32 128 10 72 70 
1 32 128 10 18 20 68 88 
2 16 128 9 65 68 44 
1 8 16 32 6 192 
4 8 128 3 17 34 48 96 82 
1 16 32 12 68 72 136 192 134 
1 4 32 18 24 80 130 136 144 74 
1 4 32 64 24 130 
1 4 16 32 72 136 194 
1 4 64 128 18 24 48 
1 2 32 64 12 132 152 
1 4 8 64 48 130 
1 2 16 32 132 136 
1 4 64 10 130 144 160 50 56 
1 8 128 18 66 96 38 52 
1 6 10 20 40 66 130 136 160 76 100 112 
1 8 64 6 18 20 34 36 130 
1 4 32 128 10 88 
1 2 16 64 36 132 168 
1 64 128 24 34 36 14 22 
1 4 8 32 18 130 
1 2 16 12 40 96 132 136 192 
32 5 6 10 12 17 20 24 66 80 129 144 192 
1 64 10 12 18 20 34 36 48 130 144 160 
1 8 20 48 66 68 80 130 144 164 224 
1 4 128 24 34 40 66 80 96 
1 2 4 16 40 96 136 
1 128 6 12 18 24 40 48 66 68 80 96 
1 4 8 18 34 66 80 130 144 192 
4 8 32 128 3 66 80 
2 4 8 16 65 96 161 
