138 78 133 19 1 70 148 51 232 86 98 6 168 35 66 155 99 112 229 118 139 100 67 101 137 198 134 39 7 199 212 69 111 200 201 10 203 52 73 11 44 80 204 235 141 205 12 169 18 13 142 170 20 145 239 16 50 77 110 210 113 211 149 21 152 153 81 215 182 154 216 82 247 24 217 83 158 185 122 186 60 124 219 250 220 159 251 125 188 223 189 30 89 31 255 32 92 93 
2 5 12 20 24 33 36 48 68 96 129 144 192 
1 8 64 6 20 34 36 132 160 
1 4 64 34 40 144 160 
8 3 5 18 20 33 34 36 66 68 129 130 132 192 81 112 
16 3 5 9 10 12 36 40 66 68 72 129 130 132 224 
2 4 32 9 80 136 144 193 
1 2 16 12 40 68 72 132 224 
64 128 6 9 12 17 18 20 24 34 40 48 
2 8 128 33 48 65 68 
32 64 3 5 6 10 12 17 20 24 132 136 
8 128 3 5 20 34 36 65 66 96 
8 16 32 3 5 132 192 
4 16 128 9 10 34 40 65 72 
2 4 128 33 48 65 96 25 88 
64 6 9 17 20 24 33 34 40 48 144 160 131 133 138 
4 16 64 10 160 35 41 
8 16 128 34 65 68 96 7 
16 128 3 5 9 10 33 36 40 65 66 96 
1 2 16 128 40 96 
8 32 128 20 65 66 80 
2 16 9 33 40 72 96 132 192 69 
16 32 128 12 65 66 72 
16 64 3 5 6 10 12 33 34 36 129 130 132 160 
32 128 3 5 9 10 18 65 68 80 28 
4 8 64 17 33 34 48 160 131 
1 4 16 10 40 130 200 
1 2 8 20 68 132 192 
32 64 128 3 5 6 10 17 18 20 24 
8 32 18 20 66 68 80 129 130 144 192 7 
1 4 24 48 66 72 42 138 162 168 224 
1 4 8 18 34 48 130 192 
8 32 64 6 17 18 129 130 
1 16 128 10 12 34 36 40 66 68 
2 64 5 9 12 17 36 40 129 160 148 
2 16 64 132 160 137 
1 16 32 12 66 136 192 134 
4 8 96 144 19 35 81 193 194 
8 32 64 128 6 17 
1 32 64 6 10 18 24 130 132 136 144 
1 32 10 18 20 68 72 80 130 132 136 192 
1 64 128 6 24 40 50 52 
8 16 64 6 160 
4 32 9 10 18 24 66 80 129 130 136 192 
4 64 128 3 9 17 33 40 48 26 
2 8 32 5 80 145 148 
4 16 32 3 72 136 192 
1 8 36 48 66 96 132 144 84 162 
4 128 3 24 34 65 66 41 104 112 
8 16 33 34 192 70 131 133 134 
1 8 16 68 96 130 
4 32 64 10 17 18 129 130 136 144 
2 8 64 128 17 20 
32 3 5 9 10 12 72 80 132 136 144 70 193 194 
1 4 32 64 10 136 
2 32 128 9 12 20 24 65 80 
2 4 64 9 17 24 33 40 144 160 
16 64 128 3 5 6 10 34 36 
1 2 4 72 96 144 192 168 
1 128 20 34 48 72 14 26 44 70 100 
1 4 16 32 72 130 136 
128 12 18 33 65 68 72 96 7 11 21 42 
1 4 32 10 24 66 80 136 144 
1 2 24 36 84 112 140 148 196 200 
16 32 66 68 129 130 136 7 11 13 
2 8 16 5 36 68 96 129 
2 8 48 96 132 144 21 69 81 193 
8 64 3 5 6 17 18 36 48 129 130 132 144 160 
1 2 64 20 36 40 48 144 160 140 
1 4 128 18 24 48 66 96 
4 64 3 9 17 18 40 48 129 130 160 
4 3 18 24 33 34 66 72 96 129 130 144 192 168 
2 4 48 72 25 41 137 145 168 224 
1 2 8 128 20 96 
1 8 32 66 80 196 
4 16 9 10 33 34 40 96 192 131 
2 4 16 9 40 129 
2 32 9 20 24 68 72 80 129 132 136 192 
2 64 128 5 9 17 33 36 40 
1 32 128 10 12 20 80 
4 8 128 18 33 65 98 
1 2 4 128 88 104 
1 8 16 128 98 100 
2 8 64 17 20 33 132 160 
2 16 128 9 12 40 65 68 
2 32 64 17 129 132 136 144 13 28 
2 16 32 5 12 136 192 
2 128 5 20 24 36 48 65 72 
1 8 128 18 36 48 66 68 
4 16 32 128 3 65 
4 8 32 3 80 
4 32 128 9 10 24 65 66 72 80 19 
1 16 10 34 36 40 66 72 96 132 192 
1 2 4 32 80 136 192 
1 12 18 20 34 48 68 96 130 144 192 74 
4 32 64 128 10 17 
8 64 128 3 5 6 17 33 36 48 
1 16 64 6 10 36 132 160 
1 64 6 12 18 24 40 130 160 52 
