161 33 225 65 193 129 1 97 162 226 223 34 194 163 67 35 63 195 131 26 3 228 253 229 197 38 230 100 198 231 39 215 153 70 232 102 71 167 103 233 104 8 41 168 105 169 203 236 205 209 142 14 78 47 206 79 15 240 144 148 176 207 16 179 84 17 246 115 51 152 182 248 184 20 54 21 249 156 24 56 25 252 90 190 91 27 254 189 222 59 60 28 120 61 121 94 29 95 191 96 192 62 31 159 124 64 125 128 
1 2 8 16 36 192 
1 2 16 36 40 68 72 132 136 192 
1 2 8 20 68 96 192 164 176 
4 16 3 34 65 96 129 130 136 41 74 
4 8 16 96 130 35 161 
4 8 3 17 33 34 80 176 193 224 
4 10 18 24 33 40 48 65 80 129 144 98 
1 2 12 20 24 48 72 96 132 144 192 
2 128 5 12 24 33 36 65 72 80 
2 16 128 5 40 65 68 72 96 
2 5 24 33 36 40 68 72 80 96 132 136 144 193 
2 8 128 5 17 33 36 48 68 80 
1 4 128 24 40 96 50 82 
2 4 128 40 48 72 
1 8 128 20 34 36 68 80 96 
2 4 8 128 17 65 112 
1 4 8 48 130 192 82 98 
1 128 10 18 20 36 48 80 96 76 
1 16 128 6 12 34 40 68 74 
16 64 128 5 6 9 33 40 
1 8 16 128 6 
1 64 128 18 40 48 28 38 
8 128 17 48 96 67 70 
1 4 64 128 10 24 
2 16 64 128 9 36 
4 64 9 18 24 33 48 130 160 
4 8 16 64 129 160 35 
1 8 64 128 34 22 
1 2 8 64 36 144 160 
8 16 64 5 6 33 132 160 131 
64 5 9 10 20 36 40 129 130 144 160 19 50 
1 32 64 6 136 144 
1 64 12 34 48 136 144 160 22 26 134 
1 2 64 12 24 36 40 48 132 160 
4 8 32 64 3 130 144 
4 16 64 3 9 10 34 40 136 160 
1 2 4 64 144 160 
8 64 3 5 17 18 20 34 36 48 130 132 160 
16 64 3 5 6 9 12 33 34 129 136 160 
8 32 64 3 5 6 18 20 129 130 132 
4 32 64 17 18 24 129 130 11 
1 2 32 64 24 132 
16 32 64 3 5 136 14 
4 8 16 32 64 
32 64 5 6 10 12 17 20 130 144 
8 16 32 64 5 129 132 
2 32 64 128 17 20 24 
2 32 128 5 9 17 24 65 72 80 
1 16 32 128 66 68 14 
2 16 32 5 9 72 129 132 
8 16 32 65 66 130 132 7 
16 32 3 9 10 66 68 129 130 136 
32 6 9 12 17 66 129 26 69 88 146 148 208 
1 2 32 20 24 72 132 144 192 
8 32 3 6 18 65 66 68 132 144 
4 32 9 10 17 18 24 65 66 80 144 131 
4 16 32 3 9 65 66 130 136 
1 32 6 10 20 66 68 80 130 136 192 
2 4 32 9 17 65 72 136 208 
8 32 64 128 5 6 20 
1 16 32 12 66 192 134 138 
4 8 32 3 66 80 129 146 
2 4 8 32 129 144 81 
8 32 128 6 66 19 21 69 81 
16 32 64 128 5 12 
2 8 32 5 65 80 196 
2 16 32 64 132 
16 32 128 9 10 12 65 66 7 
32 128 3 6 9 17 18 65 66 68 28 
1 4 64 10 18 24 34 40 136 160 
2 32 64 12 17 20 24 132 136 
2 64 9 20 24 33 129 132 136 160 
2 16 64 9 12 36 40 129 132 160 
32 64 128 3 5 6 10 17 18 20 
2 8 32 64 20 129 144 
4 32 64 128 3 17 24 
2 4 64 9 40 48 136 144 160 
1 2 8 128 20 
1 4 8 64 48 144 160 
2 8 16 64 36 160 
1 8 64 18 132 160 38 52 
4 8 128 17 18 33 65 80 96 
64 128 3 5 9 10 12 18 20 34 36 
1 10 12 20 34 36 40 48 68 80 130 136 192 
4 64 128 3 9 24 33 34 40 48 
4 16 64 128 9 10 35 
1 16 6 96 192 44 138 162 168 
8 16 128 3 6 33 34 36 68 
2 4 48 65 72 96 129 136 41 
1 2 64 128 24 36 48 
4 16 128 40 11 35 67 73 98 
1 2 128 20 24 40 48 68 72 
2 8 64 17 20 33 48 144 160 133 
16 128 6 10 33 36 65 76 
2 4 8 64 17 129 160 
2 4 8 17 96 144 
1 2 4 128 72 80 
2 8 5 17 33 36 48 65 80 96 129 148 196 
1 4 18 24 34 130 136 144 192 74 104 112 
1 2 4 40 72 80 96 192 
8 16 6 33 36 65 96 129 130 132 
1 8 18 20 36 80 130 132 144 192 70 
2 8 16 5 65 68 129 164 224 
2 16 5 12 72 132 161 168 
4 128 3 10 24 33 34 48 80 96 73 
16 3 6 10 12 33 34 36 40 68 96 130 136 133 193 
128 3 12 18 34 40 65 68 96 21 52 74 88 
8 3 17 18 34 48 65 68 129 132 144 224 
