32 64 16 1 128 3 6 12 17 26 34 33 65 66 96 129 132 136 144 192 7 11 13 146 162 37 38 41 49 50 67 69 70 73 81 82 98 168 104 131 134 161 164 193 208 224 23 43 45 46 202 58 75 77 78 86 90 99 101 105 169 116 114 135 120 139 163 165 166 170 178 198 209 210 225 228 232 103 107 115 110 121 151 155 181 185 203 205 218 227 230 242 215 219 235 237 127 247 
247 239 222 221 185 124 122 121 63 
251 247 236 220 174 159 111 62 61 
253 242 238 227 223 191 126 123 119 111 
253 250 247 223 175 110 107 
253 251 230 214 207 183 118 110 87 31 
253 251 246 239 215 126 
254 253 247 235 187 123 63 
254 245 243 235 223 175 127 
252 250 249 247 238 237 219 207 191 126 125 123 111 95 
252 250 249 247 238 222 219 207 191 127 
251 246 245 237 231 223 189 175 126 125 119 63 
253 250 243 239 223 119 63 
253 251 246 223 175 119 111 62 
248 244 242 239 223 189 187 126 125 119 
251 246 245 239 222 221 215 159 124 63 
252 251 247 223 175 
254 243 239 223 189 121 119 63 
252 250 246 245 239 222 219 215 190 189 159 127 
251 245 238 237 223 191 126 125 119 111 
253 247 234 207 186 174 159 123 111 62 
254 245 237 235 223 187 183 175 125 123 119 63 
248 244 243 237 234 222 213 190 187 183 159 127 
254 253 247 235 159 127 
249 247 239 191 95 
253 246 235 231 223 187 183 175 126 123 119 63 
254 251 231 213 207 189 183 117 93 87 31 
254 253 243 239 215 187 183 123 31 
251 246 245 236 231 223 190 189 183 175 127 
252 250 249 245 243 239 222 221 219 191 126 125 123 95 
253 251 246 238 231 222 215 191 111 95 
253 250 247 239 219 187 159 126 
254 245 239 221 219 215 189 183 159 123 63 
254 253 251 183 159 111 87 63 
243 239 223 190 189 183 127 
252 251 246 238 237 215 207 191 126 125 95 
253 239 191 123 118 95 
248 247 237 235 223 189 187 175 126 125 111 63 
252 250 247 235 221 219 190 189 159 127 
253 250 235 231 219 207 190 183 127 
252 250 246 245 243 239 219 215 189 187 183 126 125 123 31 
254 251 247 237 221 207 125 63 
252 251 239 223 183 119 63 
254 247 223 189 175 59 
252 250 246 245 243 223 185 183 175 123 119 111 62 61 
249 247 238 237 223 191 126 125 
253 246 239 222 215 186 183 159 123 63 
254 253 235 219 215 207 191 115 111 95 
248 247 239 221 190 187 159 127 
254 253 239 215 159 127 
254 251 237 231 207 189 159 127 
252 250 246 245 237 227 223 190 187 175 127 
252 250 249 245 239 221 219 191 127 
251 247 237 222 190 157 127 
254 253 251 167 151 127 
254 245 243 239 221 219 215 189 187 127 
254 251 245 223 191 119 
252 251 246 238 229 222 215 207 191 127 
253 250 243 235 231 222 219 207 187 159 126 111 63 
254 247 219 207 189 171 159 123 111 93 
247 235 223 190 189 175 127 
253 246 243 235 231 223 190 175 127 
254 249 243 237 231 215 203 191 125 95 
253 247 238 235 222 191 123 95 
254 253 251 223 175 119 63 
252 250 249 245 238 237 235 231 223 191 127 
253 251 230 222 207 190 167 159 127 
252 250 247 237 235 222 221 219 189 187 174 143 126 125 123 63 
254 253 231 219 171 143 115 107 59 55 
254 251 245 239 215 125 55 
252 251 239 223 190 127 
249 246 238 235 231 222 221 215 207 191 124 122 117 111 95 
254 243 237 235 221 207 187 181 159 125 111 63 
253 250 246 243 238 219 215 191 126 107 95 
251 245 239 220 214 191 95 
252 250 247 239 223 123 63 
254 251 245 231 223 189 175 119 111 
252 251 231 221 214 190 189 151 143 127 
254 251 239 223 183 125 119 
251 246 245 239 221 215 190 183 127 
252 250 249 245 243 238 235 231 223 191 123 119 
254 247 237 219 207 189 187 127 
253 247 238 235 191 127 
254 251 221 215 191 111 95 
251 245 238 223 191 127 
254 249 245 237 231 223 191 125 123 119 111 
249 246 243 238 237 235 231 221 215 207 191 127 
253 247 222 207 190 187 127 
254 241 235 229 221 211 207 185 183 155 127 
253 250 246 238 222 219 215 191 127 
252 251 237 231 222 221 189 183 159 126 125 111 87 63 
254 247 239 187 159 125 
251 247 238 222 221 207 191 124 95 
254 249 247 235 221 219 191 123 95 
249 247 238 223 191 127 
253 246 243 239 215 190 187 127 
254 247 239 157 155 127 
254 249 231 215 205 203 191 127 
254 249 245 239 219 191 123 95 
