40960 256 1 16 161 4352 4096 26 4112 2576 17 41216 40976 4097 11 2561 160 257 272 2560 176 266 273 416 2816 4106 4113 4256 4353 4368 6656 40961 45056 27 170 177 267 282 417 432 2570 2577 2720 2817 2832 4107 4122 4257 4272 4362 4369 4512 6657 6672 6912 40970 40977 41120 41217 41232 43520 45057 45072 45312 171 186 283 426 433 2571 2586 2721 2736 2826 2833 2976 4123 4266 4273 4363 4378 4513 4528 6666 6673 6816 6913 6928 40971 40986 41121 41136 41226 41233 41376 43521 43536 43776 45066 45073 45216 45313 45328 47616 187 427 442 2587 2730 2737 2827 2842 2977 2992 4267 4282 4379 4522 4529 6667 6682 6817 6832 6922 6929 7072 40987 41130 41137 41227 41242 41377 41392 43530 43537 43680 43777 43792 45067 45082 45217 45232 45322 45329 45472 47617 47632 47872 443 2731 2746 2843 2986 2993 4283 4523 4538 6683 6826 6833 6923 6938 7073 7088 41131 41146 41243 41386 41393 43531 43546 43681 43696 43786 43793 43936 45083 45226 45233 45323 45338 45473 45488 47626 47633 47776 47873 47888 2747 2987 3002 4539 6827 6842 6939 7082 7089 41147 41387 41402 43547 43690 43697 43787 43802 43937 43952 45227 45242 45339 45482 45489 47627 47642 47777 47792 47882 47889 48032 3003 6843 7083 7098 41403 43691 43706 43803 43946 43953 45243 45483 45498 47643 47786 47793 47883 47898 48033 48048 7099 43707 43947 43962 45499 47787 47802 47899 48042 48049 43963 47803 48043 48058 48059 
49152 40960 36864 33280 32896 32800 32784 32776 32770 32769 17408 16896 16512 16448 16400 16392 16388 16385 9216 8704 8320 8256 8208 8200 8196 8193 5120 4608 4224 4160 4112 4104 4100 4097 2048 1536 1152 1056 1040 1032 1026 1025 576 544 516 514 192 160 132 130 96 80 72 66 65 48 40 36 33 20 18 12 10 6 5 3 
49152 34816 33792 33280 33024 32800 32784 32776 32772 32769 18432 17408 16896 16448 16416 16400 16392 16386 8192 2304 2112 2052 2050 2049 1280 1088 1028 1026 1025 768 576 516 514 513 320 288 272 264 258 96 80 72 68 65 36 34 33 20 18 17 12 10 9 6 3 
40960 33280 32832 32776 32769 16384 12288 10240 8448 8224 8200 8196 4608 4160 4104 4097 2560 2112 2056 2049 1024 768 544 520 516 320 264 257 128 96 72 68 40 33 16 12 9 5 2 
49152 36864 34816 33792 33280 32832 32784 32772 32770 24576 20480 18432 17408 16640 16512 16416 16400 16392 16388 12288 10240 9216 8704 8256 8208 8196 8194 4608 4352 4224 4160 4128 4104 4098 2560 2304 2176 2112 2080 2056 2050 1536 1280 1152 1088 1056 1032 1026 768 640 544 528 520 516 320 272 260 258 192 144 132 130 96 80 72 68 48 36 34 24 18 12 10 6 1 
36864 33792 33280 32832 32800 32784 32772 32770 24576 20480 17408 16416 16400 16392 16388 16386 16385 10240 9216 8704 8320 8256 8224 8208 8200 8193 4352 4224 4128 4098 4097 2560 2112 2056 2049 1536 1280 1152 1088 1056 1032 1026 768 528 514 513 320 288 272 260 258 160 144 136 132 130 129 80 66 65 48 40 36 24 18 6 5 3 
40960 36864 34816 33792 33024 32896 32772 32770 24576 18432 17408 16640 16448 16400 16392 12288 8448 8320 8208 8200 8193 4608 4352 4128 4098 2304 2112 2052 2050 2049 1280 1088 1028 1026 1025 640 576 528 520 516 514 384 320 257 160 130 96 80 72 68 65 48 40 36 34 20 17 12 9 6 
49152 40960 36864 33280 32896 32800 32784 32776 32770 32769 24576 16896 16640 16416 16386 12288 8448 8320 8208 8200 8193 4608 4352 4128 4098 2048 768 640 528 520 513 384 288 272 264 258 257 160 130 64 48 40 33 18 10 4 3 
40960 36864 34816 32896 32784 32776 32772 32769 17408 16896 16512 16448 16400 16392 16385 8704 8448 8320 8256 8224 8208 8200 5120 4352 4128 4097 3072 2304 2080 2049 1152 1032 1028 1026 1025 528 514 384 272 264 260 257 160 144 130 129 80 66 48 40 36 33 24 18 10 9 5 3 
40960 34816 33792 32896 32832 32800 32776 32772 32769 20480 18432 17408 16896 16512 16400 16392 16388 16386 10240 9216 8704 8448 8320 8256 8200 8196 8194 8193 4224 4160 4104 2560 2304 2176 2112 2080 2056 2050 1536 1280 1152 1088 1056 1032 1026 544 516 513 384 320 288 264 260 257 192 160 144 132 96 80 72 68 40 36 34 33 24 12 6 3 
34816 33792 32896 32784 32776 32772 32770 24576 18432 17408 16896 16416 16400 16386 16385 12288 10240 9216 8704 8256 8208 8196 8194 4608 4224 4128 4104 4100 4097 2560 2304 2176 2112 2080 2056 2050 1536 1280 1152 1088 1056 1032 1026 640 576 544 528 520 514 513 384 272 264 260 258 144 129 96 80 66 65 48 36 34 24 18 9 6 
49152 40960 36864 34816 33792 32784 32776 32772 32770 32769 24576 20480 18432 17408 16640 16512 16416 16400 16392 16388 9216 8704 8448 8256 8224 8208 8200 8194 4352 4224 4128 4098 4097 2304 2176 2080 2050 2049 1536 1280 1152 1088 1056 1032 1026 640 528 272 264 260 258 257 192 144 132 130 80 48 40 36 34 33 24 18 10 9 6 5 
40960 36864 34816 33792 33024 32896 32772 32770 18432 16512 16416 16388 16386 16385 9216 8704 8320 8256 8208 8200 8196 8193 5120 4608 4224 4160 4112 4104 4100 4097 2304 2112 2052 2050 2049 1536 1280 1152 1088 1056 1040 1032 1028 768 544 513 320 288 272 264 258 192 160 132 130 68 66 48 40 34 17 9 5 
40960 34816 33792 32896 32832 32800 32776 32772 32769 24576 20480 18432 16896 16640 16448 16416 16385 12288 10240 8320 8200 8194 8193 5120 4352 4128 4112 4100 4098 4097 2560 2304 2176 2112 2080 2056 2050 1280 1088 1040 1025 768 640 576 528 520 514 320 272 260 258 160 144 68 66 65 40 34 33 24 20 5 3 
49152 36864 32896 32832 32800 32784 32770 24576 16896 16640 16416 16386 10240 8320 8224 8208 8196 8193 4352 4160 4128 4104 4098 4097 2560 2112 2056 2049 1024 640 544 528 516 513 384 320 288 272 258 160 130 96 72 68 48 18 12 10 9 5 3 
49152 33792 32896 32770 24576 20480 18432 16896 16640 16448 16416 16388 16385 9216 8320 8194 5120 4224 4098 3072 2176 2050 1536 1280 1088 1056 1028 1025 640 514 384 258 192 160 132 129 66 34 8 6 3 
49152 40960 36864 32896 32769 20480 16896 16640 16512 16392 16388 16386 16385 12288 10240 8448 8224 8200 8196 4608 4352 4104 4100 4098 2560 2112 2056 2049 576 544 520 514 513 384 257 192 132 130 129 96 66 65 40 33 10 5 
40960 36864 33792 32800 32784 32776 32772 32770 32769 24576 20480 17408 16416 16400 16392 16388 16386 16385 12288 9216 8704 8448 8320 8256 8208 8196 8193 4608 4352 4224 4160 4128 4104 4098 2048 1536 1280 1152 1088 1056 1032 1026 544 528 520 516 514 513 288 272 264 260 258 257 160 144 136 132 130 129 96 80 72 68 66 65 48 36 33 24 18 12 9 6 3 
49152 40960 34816 33792 33024 32832 32800 32784 32772 18432 17408 16896 16448 16416 16400 16392 16386 12288 10240 8448 8224 8200 8196 4608 4160 4104 4097 2560 2304 2056 2052 2050 1280 1088 1028 1026 1025 576 544 520 514 513 288 272 258 257 128 80 65 40 36 34 20 18 17 10 6 5 3 
36864 33024 32832 32800 32776 32770 32769 24576 20480 16896 16640 16512 16448 16388 16386 12288 10240 9216 8704 8256 8208 8196 8194 4608 4352 4224 4160 4128 4104 4098 2560 2176 2080 2056 2052 2049 1536 1152 1056 1032 1028 1025 640 576 544 528 520 514 513 288 264 260 192 144 132 130 65 48 33 24 20 17 9 3 
49152 36864 33280 32896 32832 32776 20480 16896 16640 16512 16392 16388 16386 16385 8192 4352 4160 4100 4098 4097 1024 768 576 516 514 513 384 320 264 192 132 130 129 72 68 66 65 16 12 10 9 
49152 40960 34816 33280 32832 32800 32776 32769 18432 16640 16512 16386 16385 10240 8448 8320 8194 8193 4096 2560 2304 2176 2112 2080 2056 2050 1024 768 640 514 513 320 288 264 257 192 160 136 129 66 65 34 33 16 10 9 4 3 
40960 34816 33024 32896 32832 32800 32784 32772 32770 24576 20480 17408 16640 16400 16392 16388 16386 16385 12288 10240 9216 8448 8320 8224 8200 8196 8194 5120 4608 4224 4160 4104 4098 4097 3072 2560 2304 2176 2056 2052 1536 1056 1026 640 576 544 520 513 384 288 272 257 192 160 132 129 80 66 65 40 36 20 18 17 10 5 
40960 36864 33280 33024 32800 32770 24576 20480 16896 16640 16512 16448 16388 16386 9216 8704 8448 8256 8224 8208 8200 8194 4352 4224 4128 4098 4097 2176 2112 2080 2052 1536 1152 1056 1032 1028 1025 768 640 576 528 516 514 513 320 288 260 257 192 144 132 130 96 72 68 65 48 40 24 20 17 12 5 3 
49152 40960 36864 34816 33280 33024 32770 24576 20480 18432 16896 16448 16388 16385 12288 9216 8704 8448 8320 8256 8208 8196 8193 4608 4352 4224 4160 4128 4104 4098 2304 2112 2052 2050 2049 1536 1152 1056 1032 1028 1025 768 576 544 528 520 320 260 257 160 144 136 132 130 129 66 48 34 24 20 17 10 
36864 34816 33792 33024 32896 32832 32800 32784 32772 32769 20480 18432 17408 16640 16512 16448 16416 16400 16388 16385 4352 4160 4100 4098 4097 2304 2112 2052 2050 2049 1280 1088 1028 1026 1025 512 384 288 272 258 192 132 130 129 96 80 66 36 34 33 20 18 17 8 6 3 
36864 33792 32832 32800 32784 20480 18432 16448 16388 16386 16385 10240 9216 8224 8208 8196 8194 8193 5120 4352 4224 4160 4128 4104 4097 3072 2560 2176 2112 2056 2050 2049 1536 1280 1088 1056 1028 1025 544 528 516 514 513 320 288 272 192 132 130 129 96 72 68 66 48 34 18 12 10 9 6 5 
34816 33792 33280 32896 32800 32772 20480 18432 17408 16896 16512 16400 16392 16388 16386 12288 9216 8704 8320 8256 8224 8194 8193 4608 4224 4097 2304 2176 2080 2050 2049 1536 1280 1152 1088 1056 1032 1026 768 520 513 384 288 260 192 160 144 132 80 36 34 24 9 6 5 3 
49152 33792 33280 32896 32772 20480 17408 16896 16640 16400 16392 16388 16385 9216 8704 8256 8200 8196 4224 4160 4104 1536 1280 1152 1088 1056 1032 1026 768 640 544 516 514 384 260 144 136 132 129 96 80 72 68 66 65 40 36 24 12 10 9 6 
36864 34816 33792 33280 33024 32896 32832 32776 32772 32770 32769 24576 18432 17408 16640 16448 16400 16392 10240 8320 8224 8208 8196 8193 4352 4160 4128 4104 4098 4097 2560 2304 2056 2052 2050 1280 1088 1028 1026 1025 768 640 576 544 528 514 384 264 160 130 80 65 48 36 34 33 20 17 6 5 
49152 40960 33280 33024 32896 32832 32784 20480 16512 16448 16416 16388 10240 9216 8704 8448 8320 8256 8200 8196 8194 8193 4224 4160 4104 2560 2176 2080 2056 2052 2049 1536 1152 1056 1032 1028 1025 768 576 544 514 384 272 260 258 257 192 160 144 132 65 40 24 20 18 17 10 9 
40960 32832 32800 32784 32770 32769 24576 20480 16512 16416 16392 16388 16385 12288 8448 8320 8208 8200 8193 4608 4160 4128 4100 4097 2048 1024 640 576 528 520 516 514 320 288 272 258 257 192 160 132 129 72 68 66 65 48 40 33 18 12 9 3 
49152 36864 32896 32832 32800 32784 32770 17408 16896 16512 16448 16400 16392 16388 16385 12288 10240 9216 8704 8448 8320 8256 8224 8208 8193 5120 4224 4112 4100 2560 2112 2056 2049 1536 1152 1056 1040 1032 1026 1025 768 576 520 514 320 264 257 192 160 132 130 80 68 66 65 48 36 20 18 10 9 6 3 
32768 24576 17408 16640 16512 16448 16416 16400 16392 16388 16386 16385 12288 9216 8704 8448 8256 8196 5120 4352 4224 4160 4128 4112 4104 4100 4098 4097 1536 1152 1056 1040 1032 1026 1025 768 640 576 544 528 520 516 514 513 384 288 272 264 258 257 192 132 96 80 72 66 65 36 20 12 6 5 
36864 34816 33280 32896 32832 32784 32772 17408 16896 16512 16448 16400 16392 16385 12288 10240 8704 8320 8256 8208 8196 5120 4608 4352 4160 4128 4104 3072 2560 2304 2112 2080 2056 1152 1032 1028 1026 1025 768 544 528 520 516 514 384 320 272 260 160 144 130 129 96 80 72 68 66 48 36 24 18 12 10 3 
49152 36864 33280 32896 32832 32800 32784 32772 18432 17408 16896 16640 16448 16400 16392 16386 10240 8704 8256 8224 8208 8200 8194 8193 5120 4352 4128 4097 3072 2560 2176 2112 2056 2050 2049 1152 1032 1028 1026 1025 768 640 528 513 384 320 288 272 260 192 144 136 130 80 65 48 40 36 34 24 18 5 
49152 34816 32800 18432 16640 16512 16386 16385 12288 8320 8224 8200 8196 8194 8193 4608 4160 4104 4097 2304 2176 2080 2050 2049 640 544 520 516 514 513 288 192 160 136 129 96 72 68 66 65 40 34 12 10 5 3 
34816 33280 33024 32896 32800 32784 32776 32772 32770 32769 24576 20480 17408 16640 16400 16392 16388 16386 16385 9216 8320 8194 5120 4224 4098 3072 2304 2176 2112 2052 2049 1536 1056 1026 768 640 576 516 513 384 320 288 272 264 192 160 132 129 96 80 72 68 66 65 36 33 20 18 17 12 10 9 
49152 40960 36864 33792 33280 33024 32896 32800 18432 16512 16416 16386 16385 8704 8448 8320 8256 8224 8208 8200 5120 4352 4128 4097 3072 2112 2080 2052 2050 1280 1152 1088 1032 768 576 528 516 513 384 320 288 260 258 257 160 144 130 129 96 72 68 66 65 48 40 34 24 20 17 12 6 5 
49152 36864 34816 33024 32832 32776 32770 32769 24576 20480 18432 16896 16448 16388 16385 10240 9216 8704 8320 8256 8224 8208 8200 8193 4352 4224 4128 4098 4097 2560 2304 2056 2052 2050 1536 1152 1056 1032 1028 1025 576 528 516 264 260 160 144 136 132 130 129 96 72 68 66 48 40 34 33 24 20 17 12 10 9 5 
40960 33792 33024 32832 32784 32772 17408 16896 16640 16512 16448 16416 16400 16392 16385 10240 8448 8320 8194 8193 4096 2560 2176 2080 2056 2052 2049 1280 1088 1028 1026 1025 640 576 516 272 258 257 192 160 136 129 96 80 72 68 66 36 20 18 17 12 6 
40960 36864 33792 32770 32769 24576 18432 16512 16448 16416 16392 16386 12288 10240 9216 8448 8320 8224 8200 8196 8194 5120 4608 4352 4224 4104 4100 3072 2560 2176 2112 2056 2050 2049 1536 1280 1088 1056 1028 1025 640 576 544 520 513 258 257 160 130 96 65 40 34 33 10 6 5 3 
40960 34816 33792 33280 32896 32832 32784 32772 32770 32769 24576 18432 17408 16896 16416 16400 16386 16385 9216 8704 8448 8256 8224 8208 8200 8194 4224 4160 4128 4100 2304 2176 2080 2050 2049 1536 1280 1152 1088 1056 1032 1026 768 640 576 528 516 514 513 384 320 272 260 258 257 144 129 80 72 68 66 65 48 40 36 34 33 24 18 12 6 5 
49152 40960 33792 33280 32896 32832 32800 32784 32772 32770 32769 24576 17408 16896 16640 16512 16416 16400 12288 9216 8704 8448 8320 8256 8208 8196 8193 4608 4224 4128 4104 4100 4097 2048 1536 1280 1152 1088 1056 1032 1026 768 576 544 528 520 384 320 288 272 260 258 257 192 160 144 136 96 80 48 36 33 24 18 10 6 3 
40960 36864 34816 33792 33280 33024 32896 32800 32784 32776 32772 20480 18432 17408 16640 16512 16448 16416 16400 16388 16385 12288 10240 8448 8224 8200 8196 4608 4352 4104 4100 4098 2560 2304 2056 2052 2050 1280 1088 1028 1026 1025 768 544 520 516 384 320 288 272 264 258 257 192 132 130 129 80 72 68 66 40 36 34 20 18 17 12 9 6 5 3 
49152 33280 33024 32896 32800 32770 32769 24576 16448 16392 16385 12288 10240 9216 8704 8256 8208 8196 8194 4608 4224 4128 4104 4100 4097 2560 2176 2080 2056 2052 2049 1536 1152 1056 1032 1028 1025 768 640 544 528 520 516 384 320 288 260 144 129 72 68 66 48 33 24 20 17 12 10 3 
40960 36864 33792 33280 32800 32784 32776 32769 20480 18432 16448 16388 16386 16385 12288 9216 8448 8208 8200 8194 8193 5120 4608 4352 4224 4128 3072 2176 2050 1536 1280 1088 1056 1028 1025 768 528 520 514 513 288 272 264 257 192 132 130 129 66 48 40 34 33 18 10 6 
49152 34816 33280 32800 32772 32770 24576 17408 16640 16512 16448 16416 16400 16392 16386 16385 12288 8704 8256 8224 8193 5120 4608 4098 4097 3072 2304 2080 2049 1152 1032 1028 1026 1025 768 640 520 514 513 288 260 258 144 129 80 66 36 24 9 5 
49152 40960 33792 32896 32832 32776 32772 32769 20480 17408 16896 16640 16400 16392 16388 16385 12288 10240 9216 8704 8448 8256 8224 4608 4224 4097 2560 2112 2056 2049 1536 1280 1152 1088 1056 1032 1026 640 520 514 384 320 264 260 257 144 136 132 129 80 66 65 36 33 24 10 6 5 
36864 34816 32896 32832 32784 32770 24576 18432 16896 16512 16416 16385 12288 10240 8208 8200 8194 4608 4352 4128 4098 2560 2304 2176 2112 2080 2056 2050 1024 528 520 514 384 320 272 258 192 136 130 129 66 65 48 40 34 18 9 
49152 36864 34816 33280 33024 32832 32776 32772 32769 20480 17408 16896 16416 16400 16392 16388 16385 10240 9216 8224 8208 8196 8194 8193 5120 4352 4224 4160 4128 4104 4097 3072 2560 2304 2176 2056 2052 1536 1056 1026 768 576 544 528 264 258 192 132 130 129 80 66 65 48 36 33 20 17 5 3 
49152 33024 32896 32784 32776 32769 20480 16512 16448 16416 16388 12288 9216 8704 8320 8256 8224 8194 8193 4608 4224 4097 2176 2112 2080 2052 1536 1152 1056 1032 1028 1025 576 520 516 514 384 320 272 264 260 258 192 160 144 132 96 72 68 65 33 24 20 18 17 12 10 5 
34816 33024 32896 32800 32784 32776 32769 20480 18432 16640 16448 16416 16388 16386 16385 9216 8704 8256 8200 8196 4224 4160 4104 2304 2112 2052 2050 2049 1536 1152 1056 1032 1028 1025 640 576 544 513 384 320 288 272 264 260 258 144 136 132 129 66 40 34 33 24 20 18 17 3 
33280 32800 32784 32776 32770 24576 20480 16512 16416 16392 16388 16385 10240 8320 8224 8208 8196 8193 4128 4104 4100 2560 2112 2056 2049 768 640 576 544 528 514 288 272 264 258 192 160 132 129 96 66 65 48 18 5 3 
49152 40960 36864 34816 33792 33280 32800 32772 32769 18432 17408 16640 16400 16385 10240 9216 8704 8448 8320 8256 8200 8196 8194 8193 4352 4224 4104 4100 4098 4097 2560 2304 2176 2112 2080 2056 2050 1536 1280 1152 1088 1056 1032 1026 768 576 544 514 288 260 257 160 144 130 129 96 80 66 65 40 36 34 33 24 10 9 6 3 
49152 40960 34816 33792 33280 33024 32832 32776 32772 32770 24576 20480 18432 17408 16896 16512 16448 16400 16388 16386 16385 12288 8448 8320 8208 8200 8193 4608 4160 4128 4100 4097 2304 2112 2052 2050 2049 1280 1088 1028 1026 1025 768 640 528 520 513 264 257 192 160 132 129 96 80 66 48 40 36 34 20 17 10 6 
36864 33792 32832 32800 32784 24576 20480 18432 17408 16640 16512 16416 16400 16392 12288 10240 8704 8448 8256 8224 8208 8194 8193 4112 4100 4098 3072 2560 2176 2112 2056 2050 2049 1280 1152 1088 1040 1032 1028 1026 768 640 576 520 384 320 264 258 257 130 129 80 68 65 48 36 34 20 18 10 9 
34816 33792 33280 32896 32800 32772 24576 20480 18432 16896 16640 16448 16416 16385 8448 8320 8224 8196 8194 8193 5120 4608 4352 4160 4128 4112 4104 4100 4098 2304 2176 2080 2050 2049 1280 1088 1040 1025 640 576 544 528 516 514 272 264 260 258 257 160 144 96 72 66 65 34 24 20 12 9 3 
49152 33792 33280 32896 32772 24576 20480 16896 16512 16448 16416 16386 12288 8448 8200 5120 4352 4128 4112 4100 4098 4097 1280 1088 1040 1025 576 528 520 513 288 272 264 260 258 257 192 144 136 129 68 40 24 20 10 9 5 
36864 34816 33792 33280 33024 32896 32832 32776 32772 32770 32769 18432 16512 16416 16388 16386 16385 12288 10240 9216 8704 8448 8320 8256 8224 8208 8193 5120 4224 4112 4100 2560 2304 2056 2052 2050 1536 1280 1152 1088 1056 1040 1032 1028 520 516 513 288 272 258 257 192 160 132 130 96 72 66 48 34 33 17 12 
49152 40960 33280 33024 32896 32832 32784 24576 20480 17408 16640 16400 16392 16386 16385 12288 10240 8320 8200 8194 8193 5120 4352 4128 4112 4100 4098 4097 2560 2176 2080 2056 2052 2049 1040 1028 1026 640 528 520 516 513 288 264 260 160 144 96 80 72 66 40 36 24 18 17 12 10 9 6 5 
40960 32832 32800 32784 32770 32769 20480 17408 16640 16448 16400 16386 9216 8704 8320 8256 8208 8200 8196 8193 5120 4608 4352 4224 4112 4104 4098 2048 1536 1152 1056 1040 1032 1026 1025 768 544 513 384 320 264 160 129 96 80 68 48 40 36 33 20 18 9 6 5 3 
40960 33280 32832 32776 32769 24576 17408 16640 16512 16448 16416 16400 16392 16388 16386 16385 10240 9216 8704 8256 8224 8200 5120 4608 4352 4224 4128 4112 4100 4098 2560 2112 2056 2049 1536 1152 1056 1040 1032 1026 1025 640 576 528 514 513 384 320 288 272 258 192 132 80 68 66 65 40 36 33 20 9 6 
49152 36864 34816 33792 33280 32832 32784 32772 32770 20480 18432 16448 16386 16385 10240 8448 8208 8194 5120 4608 4112 4100 4097 2560 2304 2176 2112 2080 2056 2050 1280 1088 1040 1025 576 514 513 384 320 288 264 260 257 144 130 68 66 65 48 34 24 20 18 10 5 
49152 34816 33792 33280 33024 32800 32784 32776 32772 32769 24576 18432 16896 16640 16512 16388 16385 12288 9216 8704 8448 8256 8196 5120 4352 4224 4160 4128 4112 4104 4100 4098 4097 2304 2112 2052 2050 2049 1536 1280 1152 1088 1056 1040 1032 1028 640 544 528 520 384 320 257 192 132 68 66 34 33 18 17 10 9 5 3 
49152 40960 36864 32896 32800 32784 32776 32772 32769 18432 17408 16896 16640 16448 16400 16392 16386 12288 8704 8448 8256 8208 8196 8194 8193 5120 4608 4352 4160 4128 4104 3072 2176 2050 1152 1032 1028 1026 1025 640 544 528 520 516 513 384 288 272 264 260 257 192 144 136 130 96 80 72 68 65 48 36 34 33 24 18 12 9 
34816 33792 32896 32800 32770 24576 20480 16896 16512 16448 16416 16388 16386 12288 9216 8224 8200 8196 8193 5120 4608 4224 4160 4104 4098 4097 3072 2304 2080 2049 1536 1280 1088 1056 1028 1025 544 520 516 513 384 288 258 136 132 96 72 68 65 40 12 10 6 5 
49152 36864 33792 33024 32896 32832 32800 32776 32769 18432 16512 16416 16386 16385 12288 10240 8704 8320 8256 8208 8196 5120 4608 4352 4160 4128 4104 3072 2560 2080 2056 2052 2050 2049 1280 1152 1088 1032 576 544 528 520 513 384 288 264 260 258 160 144 130 129 66 65 48 34 33 24 20 17 9 6 
36864 34816 33792 33024 32896 32832 32776 32769 16640 16416 10240 8704 8256 8224 8208 8200 8194 8193 5120 4352 4128 4097 3072 2560 2304 2176 2056 2052 1280 1152 1088 1032 640 576 528 516 514 384 264 260 258 192 144 136 130 96 72 68 48 40 33 24 20 17 12 10 9 6 5 3 
33792 33280 33024 32784 32776 32772 32769 17408 16896 16640 16512 16448 16416 16400 16392 16385 12288 8320 8224 8200 8196 8194 8193 4608 4160 4104 4097 2176 2112 2080 2052 1280 1088 1028 1026 1025 768 640 576 544 520 320 272 264 258 192 160 136 129 80 66 40 36 33 20 18 17 9 6 5 
36864 33792 33280 32832 32776 32770 24576 18432 16512 16448 16416 16392 16386 9216 8320 8194 5120 4352 4224 4160 4100 4097 3072 2176 2050 1536 1280 1088 1056 1028 1025 768 640 576 516 513 320 264 258 160 130 72 68 65 34 16 12 10 9 6 3 
49152 40960 34816 33280 32832 32784 32772 32769 20480 17408 16640 16448 16400 16388 16386 8704 8448 8320 8256 8224 8208 8200 5120 4160 4128 4100 4098 3072 2304 2080 2049 1152 1032 1028 1026 1025 768 576 528 516 513 320 272 260 257 192 160 144 132 80 72 68 65 48 40 36 33 24 18 12 5 3 
49152 33792 32896 32800 32784 32776 32772 32770 24576 17408 16896 16640 16512 16416 16400 10240 9216 8704 8320 8256 8224 8208 8200 8193 4224 4160 4128 4100 2560 2112 2056 2049 1536 1280 1152 1088 1056 1032 1026 576 528 516 384 288 272 264 260 258 192 160 144 136 80 72 68 48 40 36 24 18 12 10 9 6 5 3 
40960 36864 34816 32896 32800 32769 20480 18432 16896 16392 16388 10240 8448 8320 8194 8193 4352 4160 4100 4098 4097 2560 2304 2176 2112 2080 2056 2050 640 576 516 384 288 257 160 136 132 130 72 68 34 33 12 3 
49152 40960 36864 34816 33280 33024 32800 32784 32776 32772 32770 24576 17408 16896 16512 16400 12288 10240 9216 8448 8320 8224 8200 8196 8194 5120 4608 4352 4224 4104 4100 3072 2560 2304 2176 2056 2052 1536 1056 1026 768 640 544 520 516 514 320 288 272 264 257 160 130 80 72 68 40 36 20 18 17 12 9 5 
49152 40960 33024 32896 32832 32800 32776 32770 24576 16448 16392 16385 9216 8704 8448 8256 8224 8208 8200 8194 4224 4160 4128 4100 2176 2112 2080 2052 1536 1152 1056 1032 1028 1025 640 528 384 288 264 260 257 144 129 96 66 48 40 24 20 17 10 9 5 3 
40960 34816 33024 32896 32832 32776 32770 24576 18432 16640 16512 16448 16392 16386 12288 9216 8704 8448 8320 8256 8208 8196 8193 4608 4224 4128 4104 4100 4097 2304 2112 2052 2050 2049 1536 1152 1056 1032 1028 1025 544 528 520 516 514 513 384 264 260 257 192 160 144 136 72 68 65 48 34 24 20 17 12 9 
49152 40960 34816 32832 32800 32776 32772 32770 32769 24576 17408 16640 16512 16448 16416 16400 16392 16386 16385 10240 8704 8448 8256 8200 8196 8193 5120 4160 4104 4098 3072 2560 2304 2112 2080 2056 1152 1032 1028 1026 1025 640 544 516 514 513 320 288 264 260 258 257 144 129 96 80 72 68 66 40 36 33 24 12 
40960 32832 32776 32772 32770 32769 24576 18432 17408 16448 16416 16400 16392 12288 10240 8704 8448 8320 8256 8224 8194 5120 4608 4098 4097 3072 2560 2176 2112 2056 2050 2049 1152 1032 1028 1026 1025 520 320 264 260 258 257 192 160 144 136 80 65 36 34 33 24 10 5 3 
40960 36864 34816 33280 32896 32784 32776 32770 32769 24576 18432 16896 16512 16416 16385 8448 8224 8208 8196 8194 4352 4160 4128 4104 4098 4097 2304 2176 2080 2050 2049 768 544 528 516 514 384 272 264 258 257 192 136 130 129 96 72 68 66 65 48 34 33 18 12 5 
49152 40960 36864 34816 33024 32772 20480 17408 16896 16416 16400 16392 16388 16385 12288 9216 8448 8208 8200 8194 8193 5120 4608 4352 4224 4128 3072 2304 2176 2112 2052 2049 1536 1056 1026 576 528 520 516 320 258 257 192 132 130 129 96 80 72 68 66 65 48 40 36 20 17 12 9 3 
33792 33024 32784 32776 32770 32769 24576 18432 16896 16640 16512 16385 12288 8704 8256 8224 8193 5120 4608 4098 4097 3072 2112 2080 2052 2050 1280 1152 1088 1032 640 576 520 516 320 272 264 260 144 129 96 72 68 66 65 34 33 24 20 18 17 12 10 6 5 3 
40960 34816 33280 33024 32896 32832 32800 32784 20480 18432 16640 16448 16416 16388 16386 16385 12288 10240 9216 8704 8448 8256 8224 4608 4224 4097 2560 2304 2056 2052 2050 1536 1152 1056 1032 1028 1025 768 640 576 520 516 513 384 288 272 260 258 257 144 136 132 129 96 72 68 66 34 24 20 18 17 12 9 5 3 
49152 36864 33792 33280 33024 32896 32832 32800 32776 32772 32770 32769 24576 17408 16512 16448 16400 16392 16386 16385 12288 10240 8208 8200 8194 4608 4352 4128 4098 2560 2176 2080 2056 2052 2049 1280 1088 1028 1026 1025 768 576 528 520 516 513 384 288 264 192 136 130 129 96 80 72 68 66 48 40 36 33 20 17 12 10 6 3 
49152 33792 33280 32896 32800 32784 32776 18432 16896 16640 16512 16448 16392 10240 9216 8224 8208 8196 8194 8193 5120 4224 4128 4104 4100 4098 3072 2560 2176 2112 2056 2050 2049 1536 1280 1088 1056 1028 1025 768 576 544 528 384 288 272 264 96 65 48 34 18 6 5 
49152 36864 34816 33792 32832 32800 32776 32772 18432 17408 16640 16400 16385 12288 9216 8704 8320 8256 8224 8194 8193 4608 4352 4224 4160 4100 4098 2304 2176 2080 2050 2049 1536 1280 1152 1088 1056 1032 1026 576 520 516 514 320 288 264 260 160 144 130 129 80 72 68 66 65 36 34 24 12 10 6 5 3 
36864 33792 32832 32776 32772 17408 16512 16400 16386 9216 8704 8256 8200 8196 4352 4224 4104 4100 4098 4097 1536 1280 1152 1088 1056 1032 1026 640 576 544 513 320 264 260 192 144 136 130 96 80 40 36 24 6 
49152 34816 33792 33024 32772 32770 32769 24576 20480 18432 17408 16896 16512 16448 16400 16388 16386 16385 10240 8320 8224 8208 8196 8193 4128 4104 4100 2560 2304 2056 2052 2050 1280 1088 1028 1026 1025 640 544 528 516 513 320 192 160 132 129 80 72 68 66 48 36 34 33 20 17 12 10 9 6 5 
40960 36864 33024 32784 32776 16896 16640 16448 16416 16392 16386 16385 10240 9216 8704 8448 8320 8256 8200 8196 8194 8193 4352 4224 4104 4100 4098 4097 2560 2176 2080 2056 2052 2049 1536 1152 1056 1032 1028 1025 544 516 513 320 272 264 260 258 257 160 144 130 129 72 68 66 40 24 20 18 17 12 
40960 36864 33792 33280 32800 32784 32776 32769 24576 20480 18432 17408 16640 16512 16416 16400 16392 8704 8256 8208 8200 8196 8194 8193 4608 4160 4112 4104 4100 4098 4097 3072 2176 2050 1280 1152 1088 1040 1032 1028 1026 640 576 544 516 384 258 130 129 96 80 72 65 48 40 36 34 33 20 18 12 10 5 
49152 34816 33280 32800 32772 32770 16388 9216 8448 8224 8196 8193 4608 4352 4224 4160 4128 4112 4104 4100 3072 2304 2080 2049 1536 1056 1040 1028 576 544 528 516 384 272 264 260 257 192 144 132 129 96 72 65 24 20 12 9 6 
49152 40960 33792 32896 32832 32776 32772 32769 24576 20480 16896 16512 16448 16416 16386 10240 8224 8196 5120 4608 4352 4160 4128 4112 4104 4100 4098 2560 2112 2056 2049 1280 1088 1040 1025 768 576 544 528 516 513 320 288 272 260 258 192 144 136 129 96 72 33 24 20 12 10 
36864 34816 32896 32832 32784 32770 18432 17408 16896 16640 16448 16400 16392 16388 16386 10240 9216 8704 8448 8256 8208 8200 8196 8194 5120 4608 4224 4160 4112 4104 4100 4097 2560 2304 2176 2112 2080 2056 2050 1536 1152 1056 1040 1032 1026 1025 768 640 576 544 516 513 320 288 264 257 136 132 130 129 96 80 72 48 40 36 34 20 18 12 9 6 5 
49152 36864 34816 33280 33024 32832 32776 32772 32769 24576 20480 16896 16640 16512 16448 16386 12288 10240 8704 8448 8256 8224 8208 8194 8193 4112 4100 4098 3072 2560 2304 2176 2056 2052 1152 1040 1032 1025 640 520 516 514 513 384 288 272 257 130 129 96 72 48 33 17 12 6 3 
49152 33024 32896 32784 32776 32769 24576 20480 17408 16640 16400 16392 16386 16385 8448 8320 8224 8196 8194 8193 5120 4608 4352 4160 4128 4112 4104 4100 4098 2176 2112 2080 2052 1040 1028 1026 768 640 544 528 513 320 288 260 257 160 144 80 68 66 36 33 24 18 17 10 6 
34816 33024 32896 32800 32784 32776 32769 24576 20480 18432 17408 16512 16400 16392 12288 8448 8200 5120 4352 4128 4112 4100 4098 4097 2304 2112 2052 2050 2049 1040 1028 1026 768 528 520 516 514 320 260 257 192 144 136 129 96 80 72 65 40 36 34 33 24 18 17 12 6 5 3 
33280 32800 32784 32776 32770 20480 17408 16640 16448 16400 16386 12288 10240 9216 8704 8448 8320 8256 8224 8208 8193 5120 4352 4224 4160 4112 4098 4097 2560 2112 2056 2049 1536 1152 1056 1040 1032 1026 1025 520 516 513 384 257 160 129 80 72 48 36 20 18 12 6 3 
49152 40960 36864 34816 33792 33280 32800 32772 32769 24576 18432 16512 16448 16416 16392 16388 16386 12288 10240 8320 8200 8194 8193 5120 4160 4128 4112 2560 2304 2176 2112 2080 2056 2050 1280 1088 1040 1025 640 528 520 516 513 384 272 264 260 258 192 160 144 132 130 129 72 40 34 33 24 20 12 10 9 5 3 
49152 40960 34816 33792 33280 33024 32832 32776 32772 32770 20480 18432 16896 16640 16416 16392 9216 8704 8320 8256 8208 8200 8196 8193 5120 4608 4352 4224 4112 4104 4098 2304 2112 2052 2050 2049 1536 1280 1152 1088 1056 1040 1032 1028 576 544 516 514 384 288 272 258 160 129 72 65 48 40 34 17 12 10 5 
49152 40960 33792 33280 32896 32832 32776 32770 32769 20480 18432 17408 16896 16512 16400 16392 16386 10240 8704 8320 8256 8224 8200 8194 4608 4352 4128 4112 4100 3072 2560 2176 2112 2056 2050 2049 1280 1152 1088 1040 1032 1028 1026 576 528 513 320 288 272 160 129 80 68 65 40 36 34 33 20 9 3 
49152 40960 36864 34816 33792 32784 32776 32772 32770 32769 20480 18432 16448 16386 16385 12288 8224 8208 8200 8196 8194 5120 4160 4112 4104 4100 2304 2176 2080 2050 2049 1280 1088 1040 1025 768 576 544 520 516 514 513 384 288 260 144 130 96 72 66 65 48 40 34 33 24 20 18 12 10 9 
40960 36864 33792 32800 32784 32776 32772 32770 32769 20480 16640 16512 16448 8320 8208 8193 5120 4608 4112 4100 4097 2048 1280 1088 1040 1025 768 640 576 384 260 192 160 144 136 130 129 68 48 33 24 20 18 9 5 3 
49152 40960 34816 33792 33024 32832 32800 32784 32772 24576 18432 16896 16640 16512 16388 16385 10240 9216 8704 8256 8224 8200 5120 4608 4352 4224 4128 4112 4100 4098 2560 2304 2056 2052 2050 1536 1280 1152 1088 1056 1040 1032 1028 768 640 528 516 384 264 192 132 96 72 66 40 34 18 17 12 10 3 
36864 33024 32832 32800 32776 32770 32769 20480 17408 16896 16416 16400 16392 16385 10240 8448 8208 8194 5120 4608 4112 4100 4097 2560 2176 2080 2056 2052 2049 1040 1028 1026 768 516 384 272 260 258 257 144 130 96 80 72 66 48 36 33 24 17 12 9 6 5 3 
49152 36864 33280 32896 32832 32776 24576 20480 17408 16896 16448 16416 16400 12288 9216 8704 8448 8256 8196 5120 4224 4128 4112 4104 1536 1152 1056 1040 1032 1026 1025 640 544 528 520 320 288 272 258 257 130 129 96 80 68 36 20 10 9 6 5 
40960 34816 33792 33280 32896 32832 32800 32776 32770 32769 24576 20480 16896 16512 16448 16416 16388 16386 10240 9216 8448 8193 5120 4224 4098 3072 2560 2304 2112 2080 2056 1536 1280 1088 1056 1028 1025 768 513 384 320 288 264 258 257 136 132 65 33 16 10 9 6 
40960 36864 34816 33792 33280 33024 32896 16640 16416 12288 8704 8448 8256 8208 8196 8194 8193 5120 4608 4352 4160 4128 4104 3072 2304 2176 2112 2052 2049 1280 1152 1088 1032 768 640 576 544 528 520 514 384 320 260 258 257 192 144 136 130 48 24 20 17 10 6 3 
49152 33280 33024 32896 32784 32776 32772 32770 32769 24576 20480 18432 17408 16512 16400 16392 16388 12288 9216 8224 8200 8196 8193 5120 4608 4224 4160 4104 4098 4097 3072 2112 2080 2052 2050 1536 1056 1026 768 576 544 520 514 384 320 272 264 136 132 80 40 36 34 33 20 18 17 9 5 3 
49152 34816 32784 32776 32772 20480 17408 16640 16448 16400 16388 16386 12288 10240 8704 8320 8256 8208 8196 5120 4608 4128 4104 4100 4098 4097 3072 2560 2304 2112 2080 2056 1152 1032 1028 1026 1025 576 544 528 520 513 272 264 260 192 160 144 132 96 80 65 48 36 24 18 9 3 
32800 32784 32776 32772 20480 18432 17408 16512 16448 16400 16388 16385 10240 8704 8256 8224 8208 8200 8194 8193 5120 4160 4128 4100 4098 3072 2560 2176 2112 2056 2050 2049 1152 1032 1028 1026 1025 640 576 528 516 514 288 272 264 260 144 136 132 129 80 72 68 66 48 40 36 34 24 18 12 10 9 5 
36864 34816 33280 32896 32832 32800 32776 20480 18432 16896 16392 16388 12288 8320 8224 8200 8196 8194 8193 4608 4352 4104 4100 4098 2304 2176 2080 2050 2049 1024 768 640 576 544 520 384 320 288 264 160 136 132 130 96 40 34 16 9 5 3 
49152 36864 34816 33024 32832 32800 32784 32772 32770 32769 24576 17408 16896 16512 16400 9216 8320 8194 5120 4352 4224 4160 4100 4097 3072 2304 2176 2112 2052 2049 1536 1056 1026 640 514 288 272 160 130 96 80 36 33 20 18 17 
40960 33792 33024 32832 32800 32776 20480 18432 16896 16640 16416 16392 16388 8704 8448 8320 8256 8224 8208 8200 5120 4160 4128 4100 4098 3072 2112 2080 2052 2050 1280 1152 1088 1032 528 514 288 264 260 258 257 192 160 144 132 96 48 40 34 24 20 17 10 9 6 5 
34816 33280 33024 32896 32770 32769 24576 18432 16640 16512 16448 16392 16386 10240 9216 8704 8320 8256 8224 8208 8200 8193 4224 4160 4128 4100 2560 2304 2056 2052 2050 1536 1152 1056 1032 1028 1025 768 528 514 513 384 320 260 192 160 144 136 96 65 48 40 34 33 24 20 17 5 
49152 40960 36864 33792 33280 33024 32896 32784 32776 32772 20480 17408 16448 16416 16400 16388 16386 10240 8448 8320 8194 8193 4352 4160 4100 4098 4097 2560 2176 2080 2056 2052 2049 1280 1088 1028 1026 1025 768 640 514 513 384 320 272 264 258 257 160 136 132 130 96 80 65 36 20 18 17 10 9 6 
33280 32772 32770 24576 18432 17408 16448 16416 16400 16392 8704 8320 8256 8200 8196 8194 5120 4160 4104 4098 3072 2176 2050 1152 1032 1028 1026 1025 768 544 516 260 258 192 160 144 136 96 80 72 68 65 40 36 34 24 12 10 9 3 
49152 40960 36864 34816 33792 33280 32784 32776 32769 20480 16640 16512 16448 16388 9216 8448 8320 8224 8208 8196 5120 4352 4224 4160 4128 4104 4097 3072 2304 2080 2049 1536 1280 1088 1056 1028 1025 768 640 544 528 516 272 264 257 160 136 132 130 96 72 68 65 48 33 18 12 6 5 3 
40960 33792 33280 33024 32832 32784 32770 24576 18432 16896 16640 16512 16385 10240 8704 8448 8256 8200 8196 8193 5120 4160 4104 4098 3072 2560 2080 2056 2052 2050 2049 1280 1152 1088 1032 768 640 576 544 272 260 257 144 129 66 65 40 34 24 20 18 17 10 9 6 3 
49152 40960 34816 33792 33280 33024 32832 32800 32784 32770 24576 16896 16386 12288 10240 8704 8448 8320 8256 8224 8194 5120 4608 4098 4097 3072 2560 2304 2176 2056 2052 1280 1152 1088 1032 768 576 520 516 514 513 288 272 260 257 192 160 144 136 96 72 68 24 20 18 17 12 9 6 5 
49152 40960 36864 33792 33024 32896 32800 32772 32770 24576 17408 16512 16448 16400 16392 16386 16385 8448 8224 8208 8196 8194 4352 4160 4128 4104 4098 4097 2176 2112 2080 2052 1280 1088 1028 1026 1025 576 544 528 513 384 320 288 257 192 136 130 129 80 66 48 36 20 17 10 9 6 5 3 
49152 40960 33792 32896 32832 32800 32784 32769 18432 16896 16640 16512 16448 16392 12288 9216 8448 8208 8200 8194 8193 5120 4608 4224 4160 4128 4100 4098 4097 3072 2176 2050 1536 1280 1088 1056 1028 1025 576 528 520 516 384 320 288 272 257 72 68 65 48 40 34 33 18 12 9 6 
36864 34816 32896 32832 32800 32776 32772 32770 24576 20480 17408 16896 16448 16416 16400 16388 12288 8704 8256 8224 8193 5120 4608 4352 4160 4100 3072 2304 2080 2049 1152 1032 1028 1026 1025 640 576 520 516 384 320 288 264 260 258 192 144 132 130 80 72 68 65 36 24 12 10 5 
40960 36864 33792 33280 32772 32769 17408 16512 16400 16386 12288 10240 9216 8704 8448 8256 8224 4608 4352 4224 4160 4100 4098 2560 2112 2056 2049 1536 1280 1152 1088 1056 1032 1026 768 640 576 520 516 513 260 257 192 144 136 130 80 72 68 36 33 24 12 9 6 5 
49152 34816 33280 32784 32776 32770 24576 20480 18432 16640 16416 16392 16388 16386 12288 10240 8208 8200 8194 4608 4160 4128 4100 4097 2560 2304 2176 2112 2080 2056 2050 768 576 528 520 516 513 272 264 258 136 132 72 68 48 40 34 18 12 10 
34816 33024 32896 32772 32769 17408 16640 16512 16416 16400 16386 10240 9216 8224 8208 8196 8194 8193 5120 4224 4128 4104 4100 4098 3072 2560 2304 2176 2056 2052 1536 1056 1026 544 528 516 514 513 384 320 258 80 72 68 48 36 33 20 17 12 10 9 5 3 
36864 33280 33024 32832 32784 32769 16896 16640 16448 16416 16392 16386 16385 12288 9216 8704 8320 8256 8224 8194 8193 4608 4352 4224 4160 4100 4098 2176 2112 2080 2052 1536 1152 1056 1032 1028 1025 768 520 513 272 260 258 160 144 130 129 96 66 33 24 20 18 17 9 5 
49152 36864 34816 33280 33024 32832 32800 32784 32769 18432 16896 16512 16448 16416 16392 9216 8704 8256 8200 8196 4352 4224 4104 4100 4098 4097 2304 2112 2052 2050 2049 1536 1152 1056 1032 1028 1025 768 640 544 516 514 288 272 260 258 192 144 136 130 72 68 65 40 34 33 24 20 18 17 12 10 9 3 
49152 40960 34816 32832 32800 32776 32772 32770 32769 16388 12288 10240 9216 8200 8193 4352 4224 4128 4112 4100 4097 3072 2560 2304 2112 2080 2056 1536 1056 1040 1028 768 576 528 520 384 320 272 260 192 144 132 129 68 65 40 33 24 20 6 5 
40960 32832 32776 32772 32770 32769 18432 16640 16512 16388 16386 16385 10240 9216 8320 8224 8196 8194 4608 4352 4224 4160 4128 4112 4104 4100 3072 2560 2176 2112 2056 2050 2049 1536 1056 1040 1028 768 640 576 544 528 516 514 513 384 320 288 272 260 160 144 136 132 96 72 66 34 33 24 20 12 10 6 3 
40960 36864 34816 33280 32896 32784 32776 32770 32769 18432 17408 16896 16640 16448 16400 16392 16388 16386 12288 9216 8704 8256 8224 8208 8194 5120 4224 4112 4100 2304 2176 2080 2050 2049 1536 1152 1056 1040 1032 1026 1025 640 576 520 513 288 136 132 130 129 80 68 48 36 34 33 20 18 6 
49152 40960 36864 34816 33024 32772 24576 20480 16896 16640 16512 16448 16386 8704 8256 8208 8200 8196 8194 8193 4608 4160 4112 4104 4100 4098 4097 3072 2304 2176 2112 2052 2049 1152 1040 1032 1025 768 640 544 514 513 384 320 288 272 264 130 129 68 48 40 17 9 6 5 3 
33792 33024 32784 32776 32770 32769 18432 17408 16896 16448 16416 16400 16392 16388 16386 9216 8448 8224 8196 8193 4608 4352 4224 4160 4128 4112 4104 4100 3072 2112 2080 2052 2050 1536 1280 1088 1056 1040 1026 1025 768 544 528 514 513 384 320 288 260 258 257 192 144 132 129 80 68 36 34 33 24 18 17 10 3 
40960 34816 33280 33024 32896 32832 32800 32784 24576 20480 18432 17408 16512 16400 16392 10240 8224 8196 5120 4608 4352 4160 4128 4112 4104 4100 4098 2560 2304 2056 2052 2050 1040 1028 1026 544 528 514 264 260 192 144 136 129 80 68 65 36 34 24 18 17 9 6 3 
49152 36864 33792 33280 33024 32896 32832 32800 32776 32772 32770 32769 16640 16416 16388 10240 9216 8704 8448 8256 8208 8200 8196 8194 5120 4608 4224 4160 4112 4104 4100 4097 2560 2176 2080 2056 2052 2049 1536 1280 1152 1088 1056 1040 1032 1028 640 544 514 272 258 257 136 132 130 129 68 65 48 40 33 17 10 5 3 
49152 33792 33280 32896 32800 32784 32776 24576 18432 17408 16896 16416 16400 16388 16386 16385 12288 10240 8704 8448 8256 8224 8208 8194 8193 4352 4160 4112 4097 3072 2560 2176 2112 2056 2050 2049 1280 1152 1088 1040 1032 1028 1026 640 520 516 514 513 258 257 192 132 80 72 66 48 36 34 20 18 12 
49152 36864 34816 33792 32832 32800 32776 32772 24576 18432 16512 16448 16416 16392 16388 16386 8448 8320 8224 8196 8194 8193 5120 4608 4128 4112 4104 4097 2304 2176 2080 2050 2049 1280 1088 1040 1025 768 640 544 528 513 384 320 272 260 258 257 192 160 144 132 130 129 96 68 34 24 20 10 3 
36864 33792 32832 32776 32772 24576 16640 16448 16416 16392 16388 16385 12288 8448 8200 5120 4160 4128 4112 1280 1088 1040 1025 768 528 520 516 514 384 320 288 272 260 258 257 144 136 132 130 72 66 65 40 24 20 12 5 
49152 34816 33792 33024 32772 32770 32769 20480 18432 16896 16640 16416 16392 12288 10240 9216 8704 8448 8320 8256 8224 8208 8193 5120 4352 4224 4160 4112 4098 4097 2560 2304 2056 2052 2050 1536 1280 1152 1088 1056 1040 1032 1028 768 576 520 514 384 320 288 272 264 258 257 160 129 96 68 65 48 34 33 17 10 9 
40960 36864 33024 32784 32776 24576 17408 16896 16512 16400 16388 12288 10240 8320 8200 8194 8193 5120 4160 4128 4112 2560 2176 2080 2056 2052 2049 1040 1028 1026 768 640 576 528 520 514 384 320 288 260 192 160 144 132 130 129 96 80 68 65 40 36 24 18 17 6 5 
49152 33792 32896 32770 20480 18432 17408 16896 16512 16400 16392 16386 12288 8704 8448 8320 8256 8196 8194 4352 4160 4128 4112 4104 4100 4097 3072 2176 2050 1280 1152 1088 1040 1032 1028 1026 768 576 544 528 520 516 513 288 272 264 257 160 129 96 80 72 65 36 34 20 12 5 3 
40960 36864 34816 32896 32784 32776 32772 32769 24576 16896 16640 16416 16388 16386 12288 9216 8320 8224 8208 8200 8196 4224 4160 4112 4104 4100 4098 3072 2304 2080 2049 1536 1056 1040 1028 768 640 576 544 520 516 513 288 260 258 192 160 144 132 130 129 96 72 65 48 40 33 24 20 18 12 10 9 6 3 
36864 33792 33280 32832 32800 32784 32772 32770 20480 16640 16512 16448 12288 10240 8448 8320 8224 8208 8200 8196 8193 5120 4160 4112 4104 4100 2560 2112 2056 2049 1280 1088 1040 1025 640 576 544 520 516 384 320 264 260 257 192 160 144 136 130 129 96 72 48 40 24 20 18 12 3 
49152 40960 34816 33280 32832 32800 32776 32769 24576 18432 17408 16448 16416 16400 16392 16388 12288 10240 9216 8704 8320 8256 8196 8194 8193 5120 4352 4224 4160 4128 4112 4104 4100 4098 4097 2560 2304 2176 2112 2080 2056 2050 1536 1152 1056 1040 1032 1026 1025 576 544 528 520 516 384 320 272 258 160 136 132 129 96 80 72 36 34 33 20 12 10 9 6 5 3 
40960 34816 33024 32896 32832 32800 32784 32772 32770 20480 16512 16448 16416 10240 8704 8320 8256 8224 8200 8194 4608 4352 4128 4112 4100 3072 2560 2304 2176 2056 2052 1152 1040 1032 1025 768 528 516 514 264 258 160 129 96 72 40 18 17 12 10 6 
40960 36864 33280 33024 32800 32770 20480 17408 16896 16416 16400 16392 16385 12288 8224 8208 8200 8196 8194 5120 4160 4112 4104 4100 2176 2112 2080 2052 1040 1028 1026 544 520 384 320 272 264 260 258 144 130 80 68 66 48 40 36 24 17 6 3 
49152 40960 36864 34816 33280 33024 32770 20480 18432 17408 16896 16640 16512 16416 16400 16392 16386 8320 8208 8193 5120 4608 4112 4100 4097 2304 2112 2052 2050 2049 1040 1028 1026 640 516 514 513 384 320 288 272 264 260 258 192 160 144 136 130 129 96 80 72 65 48 36 34 24 17 12 10 6 5 
49152 40960 36864 32896 32769 24576 20480 17408 16896 16448 16416 16400 10240 9216 8704 8256 8224 8200 5120 4608 4224 4160 4128 4112 4097 2560 2112 2056 2049 1536 1152 1056 1040 1032 1026 1025 768 640 528 516 288 272 264 258 130 129 80 72 40 36 33 20 12 10 6 
34816 33792 32896 32784 32776 32772 32770 18432 16896 16640 16512 16448 16392 16388 10240 8448 8208 8194 5120 4608 4352 4160 4112 4098 2560 2304 2176 2112 2080 2056 2050 1280 1088 1040 1025 768 516 288 260 257 192 144 132 129 72 48 34 24 20 18 12 9 5 
36864 34816 33792 33024 32896 32832 32800 32784 32772 32769 24576 20480 18432 16392 16386 12288 9216 8704 8448 8256 8196 5120 4224 4128 4112 4104 2304 2112 2052 2050 2049 1536 1280 1152 1088 1056 1040 1032 1028 768 640 576 544 528 520 516 514 513 264 257 130 129 72 65 34 33 18 17 12 5 3 
49152 40960 33024 32896 32832 32784 32772 32770 24576 20480 18432 17408 16512 16400 16392 16388 10240 9216 8448 8193 5120 4224 4098 3072 2560 2080 2056 2052 2050 2049 1536 1056 1026 576 516 514 384 272 257 136 132 96 80 72 68 36 34 20 18 17 12 3 
40960 33280 32832 32800 32784 32772 32769 20480 18432 17408 16512 16448 16400 16388 16385 12288 8704 8448 8256 8208 8196 8194 8193 5120 4608 4128 4104 4100 4098 4097 3072 2176 2050 1152 1032 1028 1026 1025 768 640 576 544 528 520 514 320 288 272 260 257 144 136 132 129 96 80 66 48 36 34 33 24 18 10 
49152 36864 34816 33792 33280 32832 32800 32776 32770 24576 16640 16448 16416 16392 16385 12288 9216 8224 8200 8196 8193 5120 4608 4352 4224 4104 4100 3072 2304 2080 2049 1536 1280 1088 1056 1028 1025 768 576 544 520 514 320 288 264 258 192 136 130 129 96 66 40 16 9 6 5 
33792 33280 33024 32800 32769 20480 18432 16896 16640 16416 16392 16388 12288 10240 8704 8320 8256 8208 8196 5120 4608 4128 4104 4100 4098 4097 3072 2560 2080 2056 2052 2050 2049 1280 1152 1088 1032 768 544 528 520 516 514 320 288 260 258 192 160 144 132 72 68 48 34 33 24 20 17 12 10 6 
49152 34816 33792 33280 33024 32769 20480 16896 16512 16416 16392 16388 16386 16385 10240 8704 8256 8224 8208 8200 8194 8193 5120 4160 4128 4100 4098 3072 2560 2304 2176 2056 2052 1280 1152 1088 1032 768 640 528 513 320 260 258 144 136 132 129 96 66 65 48 40 33 24 20 17 6 5 3 
49152 36864 33792 33024 32896 32832 32784 32772 32769 20480 17408 16448 16416 16400 16388 16386 12288 8320 8224 8200 8196 8194 8193 4608 4352 4104 4100 4098 2176 2112 2080 2052 1280 1088 1028 1026 1025 640 544 520 516 514 513 384 272 258 160 136 132 130 80 72 68 65 40 36 33 20 18 17 12 10 6 5 
49152 36864 34816 33792 32832 32784 20480 16640 16512 16448 16388 12288 10240 9216 8320 8208 8200 5120 4608 4352 4224 4128 3072 2560 2304 2112 2080 2056 1536 1280 1088 1056 1028 1025 640 528 520 320 272 160 136 132 130 65 48 40 18 9 6 3 
49152 34816 33792 33024 32800 32784 32776 32770 32769 24576 16896 16386 8704 8320 8256 8200 8196 8194 5120 4160 4104 4098 3072 2304 2176 2112 2052 2049 1280 1152 1088 1032 576 544 514 513 320 288 272 264 260 192 160 144 136 40 33 24 20 18 17 6 
40960 36864 33024 32800 32772 20480 18432 17408 16896 16640 16512 16416 16400 16392 16388 16386 9216 8448 8320 8224 8208 8196 5120 4352 4224 4160 4128 4104 4097 3072 2112 2080 2052 2050 1536 1056 1026 640 576 544 528 514 513 320 288 258 257 160 136 132 130 80 48 36 34 20 17 10 9 5 
40960 36864 34816 33280 32896 32800 32772 32770 32769 24576 20480 17408 16896 16448 16416 16400 16388 10240 8704 8448 8256 8200 8196 8193 5120 4352 4104 4100 4097 3072 2560 2304 2112 2080 2056 1152 1032 1028 1026 1025 768 640 576 544 384 288 260 258 257 192 144 132 130 96 80 65 40 36 33 24 10 9 
49152 40960 36864 33280 32896 32772 32770 32769 24576 20480 18432 17408 16896 16640 16512 16448 16416 16400 16388 16386 16385 12288 10240 8704 8448 8320 8256 8224 8194 5120 4608 4352 4160 4100 3072 2560 2176 2112 2056 2050 2049 1152 1032 1028 1026 1025 768 576 520 516 514 513 384 260 258 257 160 144 136 132 130 129 80 72 68 66 36 34 33 24 12 9 5 3 
49152 40960 34816 32832 32784 32770 32769 24576 20480 18432 16640 16416 16392 16388 16386 8448 8224 8208 8196 8194 4128 4104 4100 2304 2176 2080 2050 2049 1024 576 544 528 513 320 272 258 257 136 132 96 48 34 33 18 10 9 5 
40960 34816 33280 33024 32896 32832 32776 32772 17408 16640 16512 16416 16400 16386 12288 9216 8448 8208 8200 8194 8193 5120 4608 4224 4160 4128 4100 4098 4097 3072 2304 2176 2112 2052 2049 1536 1056 1026 768 528 520 514 513 384 264 258 257 96 80 48 40 36 20 17 10 3 
49152 36864 33792 33280 33024 32896 32832 32784 32770 32769 24576 20480 18432 16392 16388 16386 12288 8704 8256 8224 8193 5120 4608 4352 4160 4100 3072 2112 2080 2052 2050 1280 1152 1088 1032 768 640 520 514 513 384 272 260 192 144 132 130 96 34 33 24 20 18 17 9 6 5 3 
49152 40960 36864 34816 33024 32800 32784 32776 18432 16896 16512 16448 16416 16392 12288 10240 9216 8704 8448 8256 8224 4608 4352 4224 4160 4100 4098 2560 2304 2056 2052 2050 1536 1152 1056 1032 1028 1025 640 520 514 320 288 272 264 260 258 257 192 144 136 130 96 65 34 24 20 18 17 10 5 3 
33792 33024 32800 32772 32770 32769 24576 20480 17408 16896 16640 16448 16400 16388 12288 10240 8208 8200 8194 4608 4160 4128 4100 4097 2560 2176 2080 2056 2052 2049 1280 1088 1028 1026 1025 528 520 514 320 288 136 132 96 80 65 48 40 36 33 20 17 9 6 3 
33280 32772 32770 18432 16640 16512 16388 16386 16385 12288 9216 8448 8320 8200 8194 4352 4224 4128 4112 4100 4097 3072 2176 2050 1536 1056 1040 1028 640 576 528 520 514 513 384 288 272 264 260 257 160 144 136 132 68 66 40 34 24 20 10 9 6 5 3 
49152 40960 36864 34816 33792 33280 32784 32776 32769 24576 20480 17408 16416 16400 16392 16386 16385 12288 8704 8320 8256 8224 8208 4112 4100 4098 3072 2304 2080 2049 1280 1152 1088 1040 1032 1028 1026 576 520 514 513 384 288 258 192 160 136 130 80 68 66 48 36 33 20 18 3 
40960 33792 33280 33024 32832 32784 32770 18432 17408 16896 16448 16416 16400 16392 16388 16386 12288 10240 9216 8200 8193 4352 4224 4128 4112 4100 4097 3072 2560 2080 2056 2052 2050 2049 1536 1280 1088 1056 1040 1026 1025 528 520 516 514 513 384 288 264 260 258 192 144 132 129 96 80 72 40 36 34 24 18 17 12 10 9 5 3 
49152 40960 34816 33792 33280 33024 32832 32800 32784 32770 17408 16896 16640 16512 16448 16416 16400 16392 16388 16385 10240 9216 8320 8224 8196 8194 4608 4352 4224 4160 4128 4112 4104 4100 3072 2560 2304 2176 2056 2052 1536 1280 1088 1056 1040 1026 1025 640 544 528 384 264 260 258 160 144 136 132 80 68 66 65 36 24 18 17 9 
49152 40960 36864 33792 33024 32896 32800 32772 32770 16640 16416 16388 12288 9216 8704 8256 8224 8208 8194 5120 4224 4112 4100 2176 2112 2080 2052 1536 1280 1152 1088 1056 1040 1032 1028 768 640 520 516 514 320 272 264 258 136 132 130 129 96 72 65 48 17 12 10 9 3 
49152 40960 33792 32896 32832 32800 32784 32769 24576 18432 17408 16896 16416 16400 16388 16386 16385 8704 8256 8208 8200 8196 8194 8193 4608 4352 4112 4104 3072 2176 2050 1280 1152 1088 1040 1032 1028 1026 768 640 544 514 513 320 264 258 192 132 96 80 68 66 48 40 36 34 33 20 18 9 5 
36864 34816 32896 32832 32800 32776 32772 32770 20480 16896 16640 16512 16392 16386 16385 9216 8448 8224 8196 8193 4608 4224 4128 4112 4104 4098 4097 3072 2304 2080 2049 1536 1056 1040 1028 768 544 528 514 513 320 272 260 257 144 130 96 68 66 24 20 10 6 
40960 36864 33792 33280 32772 32769 24576 16640 16448 16416 16392 16388 16385 10240 8224 8196 5120 4608 4128 4112 4104 4097 2560 2112 2056 2049 1280 1088 1040 1025 544 528 514 384 288 272 264 260 258 144 136 132 130 96 68 66 65 33 24 20 9 
49152 34816 33280 32784 32776 32770 20480 18432 17408 16512 16448 16400 16385 10240 9216 8704 8448 8256 8208 8200 8196 8194 5120 4608 4352 4224 4112 4104 4098 2560 2304 2176 2112 2080 2056 2050 1536 1152 1056 1040 1032 1026 1025 640 544 514 384 288 257 192 136 96 80 68 66 65 48 40 36 34 20 18 10 6 5 
34816 33024 32896 32772 32769 24576 16448 16392 16388 16385 12288 10240 8704 8448 8256 8224 8208 8194 8193 4352 4160 4112 4097 3072 2560 2304 2176 2056 2052 1152 1040 1032 1025 768 640 576 520 320 288 272 264 257 192 132 96 68 66 65 48 33 17 10 9 6 3 
36864 33280 33024 32832 32784 32769 24576 17408 16896 16512 16400 16388 8448 8320 8224 8196 8194 8193 5120 4608 4128 4112 4104 4097 2176 2112 2080 2052 1040 1028 1026 640 576 544 528 516 514 384 288 264 260 257 192 160 144 132 130 129 80 72 65 36 33 24 18 17 12 9 6 
49152 36864 34816 33280 33024 32832 32800 32784 32769 24576 18432 17408 16896 16640 16400 16388 16386 16385 12288 8448 8200 5120 4160 4128 4112 2304 2112 2052 2050 2049 1040 1028 1026 576 528 520 513 384 264 260 257 144 136 132 130 96 80 68 66 40 36 34 33 24 18 17 10 9 6 5 3 
36864 34816 33280 32896 32832 32784 32772 24576 16896 16640 16416 16388 16386 10240 9216 8448 8320 8208 4608 4224 4112 4100 4098 4097 3072 2560 2304 2112 2080 2056 1536 1056 1040 1028 640 576 513 320 288 264 260 258 257 192 160 144 132 130 129 68 65 48 24 20 18 10 6 5 3 
49152 36864 33280 32896 32832 32800 32784 32772 24576 18432 16896 16512 16416 16388 16385 12288 10240 9216 8448 8224 8208 8200 8196 8194 8193 4224 4160 4112 4104 4100 4098 3072 2560 2176 2112 2056 2050 2049 1536 1056 1040 1028 576 544 520 516 514 320 264 260 258 257 144 136 132 130 96 72 66 48 40 34 24 20 18 12 6 
49152 34816 32800 24576 18432 17408 16448 16416 16400 16392 16388 9216 8704 8448 8320 8256 8224 8200 8194 8193 5120 4608 4352 4224 4128 4112 4100 4098 2304 2176 2080 2050 2049 1536 1152 1056 1040 1032 1026 1025 768 576 528 384 272 264 258 257 160 136 132 129 80 68 40 36 34 20 10 6 3 
34816 33280 33024 32896 32800 32784 32776 32772 32770 32769 20480 16512 16448 16416 12288 8704 8448 8320 8256 8196 8194 4352 4160 4128 4112 4104 4100 4097 3072 2304 2176 2112 2052 2049 1152 1040 1032 1025 544 528 520 514 320 258 257 160 129 68 33 18 17 10 9 6 5 
49152 40960 36864 33792 33280 33024 32896 32800 24576 18432 17408 16640 16448 16400 16392 16388 12288 9216 8320 8224 8208 8200 8196 4224 4160 4112 4104 4100 4098 3072 2112 2080 2052 2050 1536 1280 1088 1056 1040 1026 1025 640 544 520 514 320 272 264 260 192 160 144 132 130 129 80 68 48 40 36 34 24 17 
49152 36864 34816 33024 32832 32776 32770 32769 20480 18432 17408 16896 16640 16512 16416 16400 16392 16386 12288 10240 8448 8320 8224 8208 8200 8196 8193 5120 4160 4112 4104 4100 2560 2304 2056 2052 2050 1040 1028 1026 768 640 544 520 514 513 384 288 272 260 258 257 192 160 144 136 130 129 80 68 65 48 40 36 34 33 24 17 10 9 6 
40960 33792 33024 32832 32784 32772 24576 16896 16388 16386 12288 10240 9216 8704 8320 8256 8196 8194 8193 5120 4352 4224 4160 4128 4112 4104 4100 4098 4097 2560 2176 2080 2056 2052 2049 1536 1280 1152 1088 1056 1040 1032 1028 768 544 528 520 514 513 384 288 264 160 136 132 129 68 65 18 17 5 
40960 36864 33792 32770 32769 18432 17408 16640 16400 16388 16385 10240 8704 8320 8256 8224 8200 8194 4608 4160 4128 4112 4098 4097 3072 2560 2176 2112 2056 2050 2049 1280 1152 1088 1040 1032 1028 1026 768 528 516 514 384 288 272 264 192 160 132 130 80 72 66 40 36 34 33 20 12 10 3 
40960 34816 33792 33280 32896 32832 32784 32772 32770 32769 18432 16896 16640 16512 16448 16392 16388 12288 8224 8208 8200 8196 8194 5120 4352 4112 4104 4098 4097 2304 2176 2080 2050 2049 1280 1088 1040 1025 544 520 320 288 264 260 192 144 132 129 96 68 48 40 34 33 24 20 18 
49152 40960 33792 33280 32896 32832 32800 32784 32772 32770 32769 16896 16448 16392 16388 16386 16385 8320 8208 8193 5120 4608 4352 4160 4112 4098 2048 1280 1088 1040 1025 640 516 514 513 320 264 260 160 144 136 132 72 66 65 48 33 24 20 18 12 10 5 3 
40960 36864 34816 33792 33280 33024 32896 32800 32784 32776 32772 24576 20480 18432 16392 16386 10240 9216 8704 8256 8224 8200 5120 4608 4224 4160 4128 4112 4097 2560 2304 2056 2052 2050 1536 1280 1152 1088 1056 1040 1032 1028 640 576 528 514 513 320 130 129 96 68 65 40 34 18 17 9 3 
49152 33280 33024 32896 32800 32770 32769 17408 16640 16512 16416 16400 16388 16386 10240 8448 8208 8194 5120 4608 4352 4160 4112 4098 2560 2176 2080 2056 2052 2049 1040 1028 1026 576 514 513 320 272 264 260 258 257 192 144 132 129 96 80 68 65 48 36 33 24 17 10 6 5 3 
49152 40960 36864 34816 33792 32800 32770 32769 24576 16640 16448 16416 16392 16385 10240 9216 8448 8193 5120 4352 4224 4160 4100 4097 3072 2560 2304 2112 2080 2056 1536 1280 1088 1056 1028 1025 576 516 514 288 258 257 192 136 130 129 72 68 66 33 12 6 
49152 40960 34816 33792 33024 32832 32776 20480 16896 16512 16416 16392 16388 16386 16385 12288 8704 8448 8256 8208 8196 8194 8193 5120 4608 4128 4104 4100 4098 4097 3072 2304 2176 2112 2052 2049 1280 1152 1088 1032 640 544 528 520 516 513 264 260 258 257 144 136 132 129 72 68 66 65 48 24 20 17 12 9 6 3 
36864 33024 32832 32784 32772 32770 32769 24576 18432 17408 16896 16640 16400 16386 16385 12288 9216 8224 8200 8196 8193 5120 4608 4352 4224 4104 4100 3072 2112 2080 2052 2050 1536 1056 1026 544 520 516 513 272 192 136 130 129 80 72 68 66 65 40 36 34 33 20 18 17 12 10 5 3 
36864 33280 33024 32832 32800 32776 32772 32769 20480 18432 17408 16896 16640 16512 16416 16400 16392 16388 16386 12288 10240 9216 8320 8208 8200 5120 4608 4352 4224 4128 3072 2560 2080 2056 2052 2050 2049 1536 1056 1026 768 640 576 528 520 516 514 513 288 264 258 160 136 132 130 96 80 72 68 48 40 36 34 33 20 17 12 10 
49152 36864 32896 32832 32776 32772 32770 24576 20480 18432 17408 16896 16640 16512 16448 16416 16400 16388 16386 16385 8704 8320 8256 8200 8196 8194 5120 4352 4104 4100 4097 3072 2176 2050 1152 1032 1028 1026 1025 576 544 514 513 384 320 264 260 258 160 144 136 132 130 129 96 80 66 40 36 34 24 3 
40960 34816 33792 32896 32832 32784 32769 16896 16448 16392 16386 16385 9216 8448 8320 8224 8208 8196 5120 4224 4128 4104 4100 4098 3072 2304 2080 2049 1536 1280 1088 1056 1028 1025 640 576 544 528 514 513 384 320 272 257 192 160 136 129 96 66 48 33 18 10 9 6 5 3 
49152 40960 36864 33792 33024 32896 32784 32776 32770 24576 20480 18432 16392 16388 16386 10240 8704 8448 8256 8200 8196 8193 5120 4352 4104 4100 4097 3072 2560 2080 2056 2052 2050 2049 1280 1152 1088 1032 640 544 516 514 513 384 320 272 264 260 257 192 144 132 130 72 68 40 34 24 20 18 17 12 6 3 
40960 36864 34816 33792 33024 32896 32800 32784 32776 32770 24576 20480 16640 16512 16392 16388 16385 12288 10240 8704 8448 8320 8256 8224 8194 5120 4608 4352 4160 4100 3072 2560 2304 2176 2056 2052 1280 1152 1088 1032 520 384 320 288 272 264 260 257 160 144 136 132 130 129 96 66 65 24 20 18 17 10 6 5 
40960 33792 33280 33024 32832 32800 32776 32772 32770 24576 20480 17408 16896 16640 16448 16400 16388 8448 8224 8208 8196 8194 4128 4104 4100 2176 2112 2080 2052 1280 1088 1028 1026 1025 768 544 528 516 514 288 264 257 136 132 80 72 68 65 48 36 20 17 12 6 5 3 
49152 36864 34816 33792 32832 32784 24576 20480 17408 16416 16400 16392 16386 16385 10240 8704 8448 8320 8256 8208 8200 8196 4608 4160 4112 4104 4100 4098 4097 3072 2560 2304 2112 2080 2056 1280 1152 1088 1040 1032 1028 1026 768 576 544 516 514 513 384 320 288 264 258 257 192 160 136 130 96 80 72 66 48 40 36 20 18 12 9 5 3 
49152 34816 33792 33024 32800 32784 32776 32770 32769 17408 16896 16640 16512 16448 16416 16400 16392 16388 16385 12288 9216 8448 8320 8200 8194 4352 4224 4128 4112 4100 4097 3072 2304 2176 2112 2052 2049 1536 1280 1088 1056 1040 1026 1025 768 640 528 520 516 384 320 260 258 257 160 144 136 132 96 80 72 66 65 40 36 33 24 18 17 12 5 
40960 36864 33024 32800 32772 24576 20480 18432 16896 16448 16385 12288 8704 8320 8256 8224 8208 4112 4100 4098 3072 2112 2080 2052 2050 1152 1040 1032 1025 768 520 516 384 320 272 264 192 160 136 130 96 72 66 65 48 34 17 12 10 9 6 
40960 36864 34816 33280 32896 32800 32772 32770 32769 20480 16896 16640 16512 16392 16386 16385 12288 10240 9216 8200 8193 4224 4160 4128 4112 4098 3072 2560 2304 2112 2080 2056 1536 1056 1040 1028 528 520 516 514 513 272 264 260 144 130 72 66 40 33 24 20 12 10 9 6 5 
49152 40960 36864 33280 32896 32772 32770 32769 20480 18432 16896 16392 10240 9216 8320 8224 8196 8194 4608 4224 4128 4112 4104 4098 4097 3072 2560 2176 2112 2056 2050 2049 1536 1056 1040 1028 640 544 528 288 272 264 260 192 160 144 136 130 129 96 68 65 34 33 24 20 9 6 3 
49152 40960 34816 32832 32784 32770 32769 20480 18432 17408 16512 16448 16400 16385 12288 9216 8704 8256 8224 8208 8194 5120 4352 4224 4160 4112 4098 4097 2304 2176 2080 2050 2049 1536 1152 1056 1040 1032 1026 1025 768 640 520 516 514 384 320 288 264 192 136 80 72 66 65 48 36 34 33 20 18 12 10 9 6 
40960 34816 33280 33024 32896 32832 32776 32772 24576 16448 16392 16388 16385 8704 8256 8208 8200 8196 8194 8193 4608 4352 4112 4104 3072 2304 2176 2112 2052 2049 1152 1040 1032 1025 640 576 544 516 288 272 192 132 72 66 65 48 40 17 12 10 6 5 3 
49152 36864 33792 33280 33024 32896 32832 32784 32770 32769 20480 18432 17408 16640 16512 16448 16416 16400 16385 9216 8448 8224 8196 8193 4608 4224 4128 4112 4104 4098 4097 3072 2112 2080 2052 2050 1536 1280 1088 1056 1040 1026 1025 576 544 528 516 288 264 260 258 257 144 130 80 72 66 65 36 34 33 24 18 17 12 9 3 
49152 40960 36864 34816 33024 32800 32784 32776 24576 18432 17408 16896 16640 16400 16388 16386 16385 10240 8224 8196 5120 4608 4128 4112 4104 4097 2560 2304 2056 2052 2050 1040 1028 1026 768 576 544 528 516 513 384 320 260 144 136 132 130 80 72 66 36 34 24 18 17 12 10 6 3 
33792 33024 32800 32772 32770 32769 20480 16896 16512 16416 16392 16386 16385 10240 9216 8704 8448 8256 8208 8200 8196 8194 5120 4608 4352 4224 4112 4104 4098 2560 2176 2080 2056 2052 2049 1536 1280 1152 1088 1056 1040 1032 1028 768 640 576 544 516 513 384 320 272 264 258 257 192 136 72 66 48 40 33 17 12 9 5 3 
49152 40960 36864 32896 32800 32784 32776 32772 32769 24576 18432 16896 16512 16416 16388 16385 9216 8208 8194 8193 4608 4224 4112 4100 4098 4097 3072 2176 2050 1536 1056 1040 1028 768 576 514 260 258 144 136 132 130 68 66 48 34 33 24 20 18 9 6 5 
34816 33792 32896 32800 32770 20480 17408 16896 16640 16400 16392 16385 8704 8448 8256 8224 8200 8193 4608 4352 4128 4112 4100 3072 2304 2080 2049 1280 1152 1088 1040 1032 1028 1026 768 640 576 528 514 272 264 257 192 136 80 68 66 40 36 20 10 
49152 36864 33792 33024 32896 32832 32800 32776 32769 24576 18432 17408 16640 16448 16400 16392 16388 10240 9216 8448 8320 8208 4608 4224 4112 4100 4098 4097 3072 2560 2080 2056 2052 2050 2049 1536 1280 1088 1056 1040 1026 1025 768 640 516 514 272 260 257 192 160 144 132 130 129 96 80 72 48 36 34 33 24 17 12 9 5 
36864 34816 33792 33024 32896 32832 32776 32769 24576 17408 16512 16448 16400 16392 16388 16386 16385 12288 10240 9216 8448 8224 8208 8200 8196 8194 8193 4224 4160 4112 4104 4100 4098 3072 2560 2304 2176 2056 2052 1536 1280 1088 1056 1040 1026 1025 768 544 520 513 288 272 260 257 144 136 132 130 80 68 66 65 48 40 36 33 24 17 10 9 3 
33792 33280 33024 32784 32776 32772 32769 24576 16896 16388 16386 9216 8704 8448 8320 8256 8224 8200 8194 8193 5120 4608 4352 4224 4128 4112 4100 4098 2176 2112 2080 2052 1536 1280 1152 1088 1056 1040 1032 1028 528 516 514 513 384 320 288 257 160 136 132 129 96 72 65 40 33 18 17 12 9 
36864 33792 33280 32832 32776 32770 18432 17408 16640 16400 16388 16385 12288 8704 8448 8320 8256 8196 8194 4128 4112 4104 4098 3072 2176 2050 1280 1152 1088 1040 1032 1028 1026 544 528 520 514 384 320 288 272 257 192 160 132 130 96 80 68 66 36 34 20 10 9 5 3 
49152 40960 34816 33280 32832 32784 32772 32769 24576 20480 16512 16416 16392 16385 12288 9216 8320 8224 8208 8200 8196 4352 4224 4112 4104 4097 3072 2304 2080 2049 1536 1056 1040 1028 640 544 520 514 384 320 288 264 260 258 160 144 96 68 66 48 40 33 24 20 18 6 3 
49152 33792 32896 32800 32784 32776 32772 32770 16896 16448 16392 16388 16386 16385 12288 10240 8448 8320 8224 8208 8200 8196 8193 5120 4352 4112 4104 4098 4097 2560 2112 2056 2049 1280 1088 1040 1025 768 640 544 520 514 513 260 257 160 144 136 132 96 68 66 65 48 40 24 20 18 10 9 3 
40960 36864 34816 32896 32800 32769 24576 20480 18432 17408 16896 16640 16512 16448 16416 16400 16386 16385 12288 10240 9216 8704 8320 8256 8196 8194 8193 5120 4224 4128 4112 4104 2560 2304 2176 2112 2080 2056 2050 1536 1152 1056 1040 1032 1026 1025 768 544 528 520 514 513 272 264 258 192 160 136 130 96 80 68 66 65 36 34 33 20 6 5 3 
49152 40960 36864 34816 33280 33024 32800 32784 32776 32772 32770 16896 16640 16448 16416 16392 16388 16386 16385 10240 8704 8320 8256 8224 8200 8194 4608 4160 4128 4112 4098 4097 3072 2560 2304 2176 2056 2052 1152 1040 1032 1025 576 528 513 384 320 258 192 160 132 130 96 68 66 65 40 18 17 9 6 
49152 40960 33024 32896 32832 32800 32776 32770 17408 16640 16512 16416 16400 16388 16386 12288 8224 8208 8200 8196 8194 5120 4352 4112 4104 4098 4097 2176 2112 2080 2052 1040 1028 1026 768 576 544 520 516 514 513 272 260 258 192 144 132 129 80 72 65 48 40 36 24 17 12 10 9 6 3 
40960 34816 33024 32896 32832 32776 32770 18432 17408 16416 16400 16388 16385 8320 8208 8193 5120 4608 4352 4160 4112 4098 2304 2112 2052 2050 2049 1040 1028 1026 768 640 576 288 272 260 258 160 144 136 132 96 80 68 66 48 36 34 24 17 9 6 5 
40960 36864 33280 33024 32784 32776 32772 32770 24576 18432 17408 16896 16640 16400 16386 16385 10240 9216 8448 8193 5120 4352 4224 4160 4100 4097 3072 2560 2080 2056 2052 2050 2049 1536 1056 1026 768 513 320 272 264 257 192 136 130 129 96 80 66 65 36 34 20 18 17 10 9 3 
34816 33792 33280 32896 32784 32776 16896 16448 16392 16386 16385 12288 10240 9216 8320 8208 8200 5120 4608 4224 4160 4128 4100 4098 4097 3072 2560 2304 2112 2080 2056 1536 1280 1088 1056 1028 1025 768 640 576 528 520 516 514 513 384 272 264 192 160 136 129 72 68 66 48 40 18 12 10 6 3 
36864 34816 33792 33280 33024 32896 32832 32800 32784 32770 32769 24576 20480 16640 16512 16392 16388 16385 8704 8320 8256 8200 8196 8194 5120 4352 4104 4100 4097 3072 2304 2176 2112 2052 2049 1280 1152 1088 1032 768 544 516 384 288 272 260 160 144 136 132 130 129 72 68 66 65 40 33 24 20 18 17 12 10 9 6 
49152 40960 33280 33024 32896 32832 32800 32776 32772 18432 17408 16416 16400 16385 9216 8448 8320 8224 8208 8196 5120 4224 4128 4104 4100 4098 3072 2112 2080 2052 2050 1536 1056 1026 768 640 544 528 516 384 288 264 258 257 192 160 136 129 80 72 68 66 65 48 36 34 20 17 12 5 
36864 33280 33024 32832 32800 32776 32772 32769 24576 20480 18432 16896 16448 16385 10240 8704 8448 8320 8256 8208 8200 8196 4608 4160 4112 4104 4100 4098 4097 3072 2560 2080 2056 2052 2050 2049 1152 1040 1032 1025 544 384 272 257 192 160 136 130 68 66 65 48 40 34 33 17 10 6 5 
49152 36864 32896 32832 32776 32772 32770 20480 18432 16896 16392 12288 9216 8448 8320 8200 8194 4224 4160 4128 4112 4098 3072 2176 2050 1536 1056 1040 1028 768 640 528 520 516 320 288 272 260 257 192 160 144 136 130 129 72 65 40 34 24 20 12 6 5 3 
40960 34816 33792 32896 32832 32784 32769 24576 17408 16896 16640 16512 16416 16400 16388 12288 8704 8320 8256 8224 8208 4352 4160 4112 4097 3072 2304 2080 2049 1280 1152 1088 1040 1032 1028 1026 768 520 516 320 288 264 258 160 136 132 129 80 72 65 48 36 33 20 18 12 10 9 3 
49152 40960 36864 33792 33024 32896 32784 32776 32770 20480 18432 17408 16640 16512 16448 16416 16400 16385 12288 10240 9216 8200 8193 4224 4160 4128 4112 4098 3072 2560 2080 2056 2052 2050 2049 1536 1280 1088 1056 1040 1026 1025 768 576 528 520 320 288 260 258 144 130 96 80 68 66 65 40 36 34 24 18 17 5 3 
40960 36864 34816 33792 33024 32896 32800 32784 32776 32770 20480 17408 16448 16416 16400 16386 10240 9216 8320 8224 8196 8194 4608 4224 4128 4112 4104 4098 4097 3072 2560 2304 2176 2056 2052 1536 1280 1088 1056 1040 1026 1025 768 640 576 544 528 516 514 513 320 260 258 192 160 144 136 130 129 80 72 36 24 18 17 12 10 
40960 33792 33280 33024 32832 32800 32776 32772 32770 20480 16896 16512 16416 16392 16386 16385 12288 9216 8704 8256 8224 8208 8194 5120 4352 4224 4160 4112 4098 4097 2176 2112 2080 2052 1536 1280 1152 1088 1056 1040 1032 1028 640 576 520 513 384 272 258 192 136 96 68 66 48 17 3 
40960 34816 33792 33280 32896 32832 32800 32776 32770 32769 20480 17408 16896 16640 16400 16392 16385 12288 10240 8704 8256 8196 8193 4352 4160 4128 4112 4104 4100 4097 3072 2560 2304 2112 2080 2056 1280 1152 1088 1040 1032 1028 1026 640 576 544 528 520 516 514 320 272 192 136 96 80 72 66 36 33 20 12 10 9 5 
40960 36864 34816 33792 33280 33024 32896 24576 17408 16512 16448 16400 16392 16388 16386 16385 9216 8208 8194 8193 4608 4224 4112 4100 4098 4097 3072 2304 2176 2112 2052 2049 1536 1280 1088 1056 1040 1026 1025 516 513 320 288 272 264 260 144 136 132 130 96 80 72 66 65 48 36 24 17 12 10 5 3 
49152 33280 33024 32896 32784 32776 32772 32770 32769 20480 18432 16640 16448 16416 16386 16385 8704 8448 8256 8224 8200 8193 4608 4352 4128 4112 4100 3072 2112 2080 2052 2050 1152 1040 1032 1025 640 528 516 513 320 288 258 257 192 136 96 72 66 65 40 34 33 18 17 12 9 6 3 
49152 34816 32784 32776 32772 24576 20480 16512 16416 16392 16385 10240 9216 8448 8320 8208 4608 4352 4224 4160 4112 3072 2560 2304 2112 2080 2056 1536 1056 1040 1028 768 640 516 514 384 288 260 258 257 160 144 72 66 48 24 20 18 12 9 6 5 3 
32800 32784 32776 32772 24576 20480 18432 16640 16416 16392 16386 12288 10240 9216 8448 8224 8208 8200 8196 8194 8193 4352 4224 4112 4104 4097 3072 2560 2176 2112 2056 2050 2049 1536 1056 1040 1028 768 544 520 513 384 260 258 257 192 144 136 129 96 68 65 48 40 34 24 20 18 10 9 6 
36864 34816 33280 32896 32832 32800 32776 24576 20480 18432 17408 16896 16640 16512 16448 16416 16400 16386 16385 9216 8704 8448 8320 8256 8224 8200 8194 8193 5120 4608 4224 4160 4128 4112 4097 2304 2176 2080 2050 2049 1536 1152 1056 1040 1032 1026 1025 528 516 514 513 320 272 258 257 192 160 136 130 80 72 66 65 40 36 34 20 12 9 6 3 
49152 36864 34816 33024 32832 32800 32784 32772 32770 32769 16896 16640 16448 16416 16392 16388 16386 16385 12288 8704 8448 8320 8256 8196 8194 4128 4112 4104 4098 3072 2304 2176 2112 2052 2049 1152 1040 1032 1025 768 576 544 528 520 516 513 384 264 258 257 192 160 132 130 72 66 65 33 18 17 12 6 5 
40960 33792 33024 32832 32800 32776 24576 20480 18432 17408 16896 16512 16448 16400 16386 16385 12288 9216 8320 8224 8208 8200 8196 4352 4224 4112 4104 4097 3072 2112 2080 2052 2050 1536 1280 1088 1056 1040 1026 1025 768 640 576 544 520 516 513 384 272 260 160 144 80 72 66 65 48 40 36 34 24 17 12 10 9 
34816 33280 33024 32896 32770 32769 18432 17408 16416 16400 16388 16385 12288 10240 8448 8320 8224 8208 8200 8196 8193 5120 4352 4112 4104 4098 4097 2560 2304 2056 2052 2050 1040 1028 1026 640 576 544 520 516 320 288 272 264 260 258 257 160 144 136 132 80 72 66 48 40 36 34 33 24 17 12 6 
49152 40960 36864 33792 33280 33024 32896 32784 32776 32772 24576 20480 16640 16512 16392 16385 12288 10240 9216 8704 8320 8256 8196 8194 8193 5120 4224 4128 4112 4104 2560 2176 2080 2056 2052 2049 1536 1280 1152 1088 1056 1040 1032 1028 576 544 528 520 516 320 288 192 160 136 130 72 66 18 17 12 10 9 5 
49152 33024 32896 32800 32772 32769 18432 17408 16416 16400 16385 12288 10240 9216 8320 8208 8200 5120 4608 4224 4160 4128 4100 4098 4097 3072 2560 2080 2056 2052 2050 2049 1536 1056 1026 640 528 520 384 320 288 258 192 160 136 129 96 80 66 65 48 40 36 34 33 20 17 9 
34816 33792 33280 32896 32784 32776 24576 17408 16896 16640 16512 16416 16400 16388 10240 8704 8448 8320 8256 8208 8200 8196 4608 4352 4112 4104 3072 2560 2304 2112 2080 2056 1280 1152 1088 1040 1032 1028 1026 544 288 258 257 160 136 132 129 96 80 68 65 48 40 36 20 18 10 5 3 
36864 34816 33792 33280 33024 32896 32832 32800 32784 32770 32769 20480 17408 16448 16416 16400 16386 12288 9216 8448 8320 8200 8194 4224 4160 4128 4112 4098 3072 2304 2176 2112 2052 2049 1536 1280 1088 1056 1040 1026 1025 640 576 528 520 514 513 264 260 258 257 192 160 144 136 130 129 96 80 68 40 36 33 24 18 17 10 9 5 
49152 40960 33280 33024 32896 32832 32800 32776 32772 24576 18432 16640 16512 16448 16392 16388 16386 12288 8704 8320 8256 8224 8208 4352 4160 4112 4097 3072 2112 2080 2052 2050 1152 1040 1032 1025 576 520 514 513 272 160 136 132 129 96 68 48 34 17 6 
49152 40960 33024 32896 32832 32784 32772 32770 20480 18432 16640 16448 16416 16386 16385 12288 10240 8704 8256 8196 8193 4352 4160 4128 4112 4104 4100 4097 3072 2560 2080 2056 2052 2050 2049 1152 1040 1032 1025 768 640 544 528 520 513 288 264 258 192 136 68 66 65 34 18 17 6 5 3 
40960 33280 32832 32800 32784 32772 32769 24576 20480 18432 16640 16416 16392 16386 9216 8208 8194 8193 4608 4352 4224 4160 4112 3072 2176 2050 1536 1056 1040 1028 516 513 384 320 264 260 258 192 144 136 129 72 65 48 34 33 24 20 18 12 10 6 5 
49152 36864 34816 33792 33280 32832 32800 32776 32770 17408 16512 16400 16388 16386 8704 8448 8256 8224 8200 8193 4608 4160 4128 4112 4098 4097 3072 2304 2080 2049 1280 1152 1088 1040 1032 1028 1026 640 528 516 513 384 320 272 257 136 132 130 129 80 72 65 40 36 20 12 9 
33792 33280 33024 32800 32769 24576 20480 18432 17408 16896 16512 16448 16400 16386 16385 10240 9216 8448 8320 8208 4608 4352 4224 4160 4112 3072 2560 2080 2056 2052 2050 2049 1536 1280 1088 1056 1040 1026 1025 640 576 513 384 320 272 264 260 257 160 144 96 80 68 66 65 48 36 34 33 24 17 10 5 
49152 34816 33792 33280 33024 32769 24576 20480 17408 16896 16640 16448 16400 12288 10240 9216 8448 8224 8208 8200 8196 8194 8193 4352 4224 4112 4104 4097 3072 2560 2304 2176 2056 2052 1536 1280 1088 1056 1040 1026 1025 576 544 520 516 514 384 320 288 272 264 260 257 192 144 136 129 80 72 48 40 36 33 24 17 12 3 
49152 36864 33792 33024 32896 32832 32784 32772 32769 24576 20480 16640 16512 16392 16385 9216 8704 8448 8320 8256 8224 8200 8194 8193 5120 4608 4224 4160 4128 4112 4097 2176 2112 2080 2052 1536 1280 1152 1088 1056 1040 1032 1028 768 576 528 288 264 257 192 160 136 130 96 68 66 40 33 18 17 10 
49152 33024 32896 32800 32772 32769 24576 18432 16640 16512 16448 16392 16388 16386 10240 8704 8448 8320 8256 8208 8200 8196 4608 4352 4112 4104 3072 2560 2080 2056 2052 2050 2049 1152 1040 1032 1025 768 576 544 516 514 513 320 272 264 257 160 136 132 129 72 48 40 34 33 17 12 9 6 5 
49152 40960 36864 34816 33792 32800 32770 32769 17408 16512 16400 16388 16386 12288 10240 8704 8256 8196 8193 4128 4112 4104 4098 3072 2560 2304 2112 2080 2056 1280 1152 1088 1040 1032 1028 1026 768 640 544 528 520 513 384 272 264 136 132 130 129 96 80 68 65 36 33 20 5 
49152 40960 34816 33792 33024 32832 32776 24576 20480 17408 16896 16640 16448 16400 9216 8208 8194 8193 4608 4352 4224 4160 4112 3072 2304 2176 2112 2052 2049 1536 1280 1088 1056 1040 1026 1025 768 576 514 384 288 272 260 192 144 136 129 96 80 68 48 36 24 17 9 5 3 
36864 33024 32832 32784 32772 32770 32769 18432 16896 16512 16448 16416 16392 16388 8704 8448 8256 8224 8200 8193 4608 4160 4128 4112 4098 4097 3072 2112 2080 2052 2050 1152 1040 1032 1025 768 640 576 528 514 384 288 264 258 257 136 132 130 129 96 68 40 34 33 18 17 10 6 3 
40960 36864 33280 33024 32784 32776 32772 32770 18432 16896 16512 16448 16416 16392 16388 12288 10240 8704 8256 8196 8193 4128 4112 4104 4098 3072 2560 2080 2056 2052 2050 2049 1152 1040 1032 1025 640 576 544 528 520 516 514 384 320 288 258 136 132 130 129 72 34 18 17 12 10 9 6 5 3 
