24578 8194 2 16386 8196 16388 8198 24580 4 16390 24582 6 8226 32 16420 16416 16418 9284 36 8224 16422 38 8228 8230 24608 64 24610 16450 8256 24612 24614 16448 66 68 8258 16452 8260 16454 8262 24646 16480 96 24640 8292 8290 24642 102 24644 98 8288 16482 16484 16486 8294 24672 24674 24676 24678 16960 512 1092 16928 548 550 16896 25126 514 16898 516 8706 16900 8768 518 16902 8708 8710 578 580 25088 8772 25090 25092 25094 544 546 16930 8736 16996 16932 8738 16934 8740 8742 608 8800 25120 25122 25124 576 16962 16964 8770 582 16966 8774 25152 25154 25156 25158 16992 610 16994 612 8802 614 8804 16998 8806 25184 25186 25188 25190 17410 17440 9252 9254 25638 17472 9282 17474 9286 17508 9216 1024 17408 1026 9218 1028 9220 17412 1030 9222 17414 25602 25604 25606 9248 1056 1058 9250 17442 1060 17444 1062 17446 25632 25634 25636 9280 1088 1090 17476 1094 17478 25664 25666 25668 25670 9312 1120 17504 9314 1122 17506 1124 9316 1126 9318 17510 25696 25698 25700 25702 9830 9732 9734 17956 9762 17986 9794 9828 1536 9728 1538 9730 17922 1540 17924 1542 17926 26112 26114 26116 26118 1568 9760 17952 1570 17954 1572 9764 1574 9766 17958 26144 26146 26148 26150 1600 9792 17984 1602 1604 9796 17988 1606 9798 17990 26176 26178 26180 26182 1632 9824 18016 1634 9826 18018 1636 18020 1638 18022 26208 26210 26212 26214 24576 16384 8192 
4863 7983 8177 8959 12063 12274 61743 61937 61999 65313 6655 8095 8182 8188 10751 12143 12239 12281 12799 28463 28657 40735 40946 49919 53039 53233 61855 61948 62111 62195 62198 63007 63218 64559 64753 65299 65302 65324 65330 65425 15615 28668 40911 51711 53151 53238 53244 57855 62205 63183 63225 63990 64671 64764 64799 65010 65309 65382 65436 65475 65478 65506 20479 36863 60671 62719 64975 65485 
7967 7983 8178 8959 12079 12273 61743 61937 61983 62193 62194 65314 8143 8185 10751 12191 12284 12799 37631 40945 53023 53039 53234 61855 61948 62063 62159 62204 63023 63775 63986 64559 64753 65299 65321 65426 15615 39423 40956 53199 53241 57855 63951 64671 64764 65310 65433 65475 36863 60671 62719 63743 65359 65423 65486 65528 
4863 7983 8177 8959 12079 12273 61743 61937 61999 65313 6655 8095 8188 10751 12191 12284 12799 49919 53039 53233 61855 61948 62111 62195 62198 63217 64559 64753 65318 65324 65425 15615 16374 51711 53151 53244 57855 62205 63228 63990 64671 64764 65430 65436 36863 60671 61430 62719 65311 65423 
7967 7983 8178 8959 12063 12274 61743 61937 61983 62193 62194 65314 5887 8143 8185 10751 12143 12239 12281 12799 16369 28657 37631 53023 53039 53234 61855 61948 62063 62159 62204 63775 63986 64559 64753 65302 65321 65329 65426 7679 15615 16380 28668 39423 50943 53199 53241 57329 57855 63951 64671 64764 65309 65340 65433 65478 65505 20479 36863 52735 57340 60671 62719 63743 65359 65485 65516 65528 
7967 7983 8959 12079 12273 12274 61743 61937 61938 61983 62193 65314 5119 8143 8179 8182 10751 12191 12284 25087 37631 40945 40946 53023 53039 61855 61948 62159 62204 63023 63218 63775 64559 64753 64754 65299 65321 65377 65426 7935 8189 27903 39423 40956 50175 53199 53235 53238 53759 63951 64671 64764 65310 65388 65433 65475 65489 36863 52991 53245 56575 62719 65359 65423 65486 65500 65524 65528 
7967 7983 8959 12063 61743 61937 61938 61983 62193 65314 5119 5887 8143 10751 12239 12278 25087 28658 37631 53023 53039 61855 61948 62159 62204 63775 64559 64753 64754 65302 65321 65329 65377 65426 7679 12285 27903 28527 28665 39423 40950 50175 50943 53199 53759 57330 63222 63951 64671 64764 65309 65340 65388 65433 65478 65489 20479 36863 40957 52735 56575 57337 62719 65359 65485 65500 65524 65528 
4863 7967 8177 12274 61938 61983 61999 62193 65313 65314 6655 8143 8182 8188 9215 12143 12281 12799 16175 25087 28463 28657 40946 49919 53023 53233 61807 61945 62159 62198 62204 63218 63775 63791 63985 64754 65299 65324 65425 65426 12031 12255 15615 26367 27903 28575 28668 40815 51711 53199 53238 53244 53759 57135 61919 63951 63996 64623 64761 65310 65436 65475 56575 64735 65359 65486 65524 65528 
4863 7983 8177 8178 8959 12063 61743 61937 61938 61999 62194 65313 6655 8095 8188 10751 12239 12278 25087 28463 28658 40735 49919 53039 53233 53234 61855 61948 62111 62201 63007 64559 64753 64754 65299 65302 65324 65425 12285 27903 28665 40911 51711 53151 53244 53759 63183 64671 64764 64799 65309 65436 65475 65478 20479 36863 56575 62719 63743 64975 65485 65524 
4863 7983 8177 8178 8959 12079 12273 12274 61743 61937 61938 61999 62194 65313 6655 8095 8188 10751 12191 12284 25087 49919 53039 53233 53234 61855 61948 62111 62201 63217 64559 64753 64754 65318 65324 65330 65425 27903 51711 53151 53244 53759 63228 64671 64764 65430 65436 65506 36863 56575 62719 63743 65311 65423 65524 
4863 7967 8177 12063 12079 12273 61938 61983 61999 62193 65313 65314 6655 8143 8188 12239 12278 12284 12799 25087 28658 40751 49919 53023 53233 61807 61945 62159 62198 62204 63775 63791 63985 64754 65302 65324 65425 65426 15615 27903 40950 51711 53199 53244 53759 57330 61919 63951 63996 64623 64761 65309 65436 65478 20479 56575 64735 65359 65423 65485 65524 65528 
8178 12063 12079 12273 61938 62194 5119 5887 7999 8047 8185 12239 12278 12284 12799 13055 25087 25343 28658 40735 40751 40945 53234 61807 61945 62063 62201 62449 63007 63023 63217 64754 65299 65302 65315 65318 65329 65377 7679 8159 15615 27903 40911 40956 50175 50943 53055 53103 53241 53759 54015 61919 62175 62460 63183 63228 64623 64761 64799 64815 65009 65309 65325 65340 65388 65475 65478 65489 20479 52735 53215 56575 63743 64735 64975 65020 65423 65485 65500 65524 
8178 12274 61938 62194 5119 8047 8185 9215 12143 12281 12799 13055 16369 25087 25343 28657 53234 61807 61945 62063 62201 62449 64754 65330 65377 7935 8159 12031 12255 15615 16191 16380 27903 28479 28668 50175 53103 53241 53759 54015 57329 61919 62175 62271 62460 64623 64761 65265 65337 65382 65388 65489 65506 52991 53215 56575 57151 57340 63743 64735 65087 65276 65494 65500 65524 
7983 8703 12079 12273 12274 61727 61743 61937 61938 62193 65298 65314 5119 8095 8182 9983 11519 12191 12284 16159 28447 37375 40945 40946 53039 61903 61948 62015 62063 62204 63007 63023 63218 64543 64559 64753 64754 65305 65321 65474 7935 8189 16335 28623 38655 40191 40956 50175 53151 53238 57119 62175 63183 64719 64764 65481 20479 36863 52991 53245 57295 62719 65359 65423 
7967 8178 8703 8959 12274 61727 61938 61983 62194 65298 5119 8143 8185 11519 12095 12143 12281 28447 37375 37631 53023 53234 61903 61945 62159 62201 64543 64754 65305 65378 65474 7935 12255 28623 40191 40815 50175 53199 53241 62319 64719 64761 65385 65481 20479 52991 63743 65135 65521 65528 
7983 8178 8703 12063 12274 61727 61743 61937 62193 62194 65298 65314 5887 8095 8185 9983 11519 12143 12239 12281 13055 25343 37375 40735 53039 53234 61903 61948 62015 62204 63986 64543 64559 64753 65305 65321 65329 65377 65474 7679 40191 40911 50943 53151 53241 54015 62191 64719 64764 65340 65388 65481 65489 36863 52735 62719 63743 65359 65500 65524 
4863 8177 8703 8959 12063 12079 12273 61727 61938 61999 62193 65298 65313 65314 6655 8047 8188 11519 12239 12278 12284 16370 28658 37375 40735 40751 49919 53233 61903 61945 62111 62198 62204 63791 63985 64543 64754 65305 65324 65425 65474 8159 40191 40911 40950 51711 53103 53244 57330 63996 64719 64761 65436 65481 53215 65359 65423 
7983 8703 12063 61727 61743 61937 61938 62193 65298 65314 5119 5887 8095 8179 9983 11519 12239 12278 16369 16370 28657 28658 37375 40735 53039 61903 61948 62015 62063 62204 64543 64559 64753 64754 65305 65321 65329 65474 7679 8190 12285 16380 28668 40191 40911 40950 50175 50943 53151 53235 57329 57330 62175 63222 64719 64764 65340 65481 65505 36863 40957 52735 53246 57340 62719 65359 65516 
8178 12063 12079 12274 61743 61983 5119 5887 8185 9983 12239 12281 12799 13055 16369 25343 28657 40735 40751 53234 61855 61939 62063 62159 62195 62449 62450 63217 63218 63775 64559 65302 65378 7679 11775 15615 16380 27135 28668 40911 50175 50943 53241 54015 57329 57855 61950 62206 62460 63228 63951 64671 64755 65009 65010 65309 65331 65385 65478 65490 20479 36863 52735 55807 57340 60671 63743 64766 65020 65485 65497 65528 
4863 7967 7983 8177 8703 12079 12273 61727 61743 61937 61983 61999 65298 65313 6655 8143 8188 9983 11519 12191 12284 16370 28447 37375 49919 53023 53039 53233 61903 61948 62159 62198 62450 63217 64543 64559 64753 65305 65318 65324 65378 65425 65474 28623 28662 40191 51711 53199 53244 61426 62205 63228 63990 64719 64764 65266 65436 65481 20479 36863 57334 62719 65423 65524 65528 
4863 8177 8703 8959 12274 61727 61938 61999 62193 65298 65313 65314 6655 7999 8047 8182 8188 11519 12095 12143 12281 16159 16175 28447 28463 37375 40946 49919 53233 61903 61945 62111 62198 62204 63007 63218 63791 63985 64543 64754 65305 65324 65425 65474 8159 12255 16335 28623 40191 51711 53055 53103 53238 53244 57119 57135 63183 63996 64719 64761 65436 65481 20479 53215 57295 65359 
4863 8177 8178 8703 8959 12063 12079 12273 12274 61727 61999 62193 62194 65298 65313 65314 6655 8188 11519 12239 12284 37375 40735 40751 49919 53233 53234 61807 61903 61939 62111 62204 63791 63985 63986 64543 65305 65324 65425 65474 40191 40911 51711 53244 61950 63996 64623 64719 64755 65436 65481 63743 64766 65359 65423 65524 
7967 8703 8959 61727 61983 65298 8047 8143 8179 11519 12095 16369 16370 28447 28657 37375 37631 53023 61807 61903 61939 62063 62159 62195 62449 62450 64543 65305 65377 65378 65474 8190 12271 16380 28527 28623 28662 28668 40191 53103 53199 53235 57329 61426 61950 62206 62460 64623 64719 64755 65265 65266 65388 65481 65489 20479 53246 57334 57340 64766 65276 65500 65524 65528 
7983 8178 8703 12079 12273 61727 61743 61937 62193 62194 65298 65314 8095 8185 9983 11519 12191 12284 13055 16159 25343 28447 37375 40945 53039 53234 61903 61948 62015 62204 63007 63023 63986 64543 64559 64753 65305 65321 65377 65474 16335 28623 28662 38655 40191 40956 53151 53241 54015 57119 62191 63183 64719 64764 65388 65481 65489 20479 36863 57295 62719 63743 65359 65423 65500 65524 
4863 8177 8178 8703 8959 61727 61999 62193 62194 65298 65313 65314 6655 7999 8188 11519 12095 16159 16175 28447 28463 28657 37375 49919 53233 53234 61807 61903 61939 62111 62204 63007 63791 63985 63986 64543 65305 65324 65425 65474 8175 12271 16335 28623 28662 28668 40191 51711 53055 53244 57119 57135 61950 63183 63996 64623 64719 64755 65436 65481 20479 53231 57295 63743 64766 65359 65524 
7967 8178 8703 8959 12063 12079 12273 61727 61938 61983 62194 65298 5119 5887 8143 8185 11519 12239 12278 12284 28658 37375 37631 40751 40945 53023 53234 61903 61945 62159 62201 63023 63217 64543 64754 65305 65315 65318 65329 65378 65474 7679 40191 40956 50175 50943 53199 53241 62319 63228 64719 64761 64815 65009 65325 65340 65385 65481 65505 52735 63743 65020 65423 65516 65528 
7967 7983 8178 8703 8959 12079 12274 61727 61743 61938 61983 61999 62194 65298 5887 8143 8185 11519 12191 12281 28447 37375 37631 53023 53039 53234 61903 61945 62159 62201 64543 64559 64754 65305 65315 65378 65474 7679 28623 40191 50943 53199 53241 64719 64761 65326 65385 65481 20479 36863 52735 63743 65359 65521 65528 
4863 7967 7983 8177 8178 8703 12063 61727 61743 61937 61938 61983 61999 62194 65298 65313 6655 8143 8188 9983 11519 12239 12278 25343 28463 28657 28658 37375 49919 53023 53039 53233 53234 61903 61948 62159 62201 64543 64559 64753 64754 65305 65324 65378 65425 65474 12285 28668 40191 51711 53199 53244 64719 64764 65436 65481 36863 62719 63743 65528 
8703 12063 12079 61727 61937 61938 61999 62193 65298 65314 7999 8047 8179 8182 11519 12239 13055 16369 16370 28657 28658 37375 40735 40751 61903 61948 62111 62198 62204 63007 63791 64543 64753 64754 65305 65321 65329 65474 8159 8189 16380 28668 40191 40911 53055 53103 53235 53238 57329 57330 58111 63183 64719 64764 65340 65481 65505 53215 53245 57340 62719 65516 
4863 7983 8177 8703 8959 12079 12274 61727 61743 61938 62193 65298 65313 65314 6655 8095 8188 11519 12191 12281 28447 37375 40946 49919 53039 53233 61903 61945 62015 62063 62204 63023 63218 63985 64543 64559 64754 65305 65324 65425 65474 28623 40191 51711 53151 53244 57119 62175 63135 63996 64719 64761 65436 65481 20479 36863 57295 
4863 7967 7983 8177 8703 12063 12274 61727 61743 61937 61983 61999 65298 65313 6655 8143 8182 8188 9983 11519 12143 12239 12281 28463 37375 40946 49919 53023 53039 53233 61903 61948 62159 62198 62450 63218 64543 64559 64753 65305 65324 65378 65425 65474 40191 51711 53199 53238 53244 62205 63225 63990 64719 64764 65010 65436 65481 36863 62719 65524 65528 
7967 8703 8959 12063 12079 12273 12274 61727 61983 65298 5887 8047 8143 8182 11519 12239 12284 37375 37631 40751 40945 40946 53023 61807 61903 61939 62063 62159 62195 62449 62450 63023 63217 63218 64543 65305 65315 65318 65329 65377 65378 65474 7679 8189 40191 40956 50943 53103 53199 53238 61950 62206 62460 63228 64623 64719 64755 64815 65009 65010 65325 65340 65388 65481 65489 52735 53245 64766 65020 65423 65500 65524 65528 
4863 7983 8177 8703 8959 12063 12273 61727 61743 61938 62193 65298 65313 65314 6655 8095 8182 8188 11519 12239 12284 16370 28658 37375 40735 49919 53039 53233 61903 61945 62015 62063 62204 63007 63985 64543 64559 64754 65305 65324 65425 65474 40191 40911 51711 53151 53238 53244 57330 62175 63183 63996 64719 64761 65436 65481 36863 65423 
4863 7967 8177 8178 8703 12273 12274 61727 61937 61938 61983 62194 65298 65313 6655 8143 8188 11519 12143 12284 16175 25343 28447 37375 49919 53023 53233 53234 61903 61948 62159 62201 62255 63217 64543 64753 64754 65305 65318 65324 65378 65425 65474 12255 28623 40191 40815 51711 53199 53244 61231 63087 63228 64719 64764 65071 65436 65481 20479 62719 63743 64879 65359 65423 65528 
4863 7967 8177 8703 12273 61727 61937 61983 65298 65313 6655 8047 8143 8182 8188 11519 12278 12284 16175 16370 28447 37375 49919 53023 53233 61807 61903 61942 61948 62063 62159 62255 62450 63217 64543 64753 65305 65318 65324 65378 65425 65474 28527 28623 40191 51711 53103 53199 53238 53244 61231 61426 63222 63228 64623 64719 64758 64764 65071 65266 65436 65481 20479 62719 65359 65423 65524 65528 
8703 12273 12274 61727 61937 61938 61999 62193 65298 65314 5887 8047 11519 12143 12284 13055 28447 28463 37375 40945 40946 61903 61948 62111 62198 62204 63218 63791 64543 64753 64754 65305 65321 65474 7679 8159 12255 26367 28623 40191 40956 50943 53103 57119 57135 58111 64719 64764 65481 20479 52735 53215 57295 62719 65423 
8178 8703 12063 12079 12274 61727 61937 61999 62193 62194 65298 65314 5119 7999 8185 11519 12239 12281 25343 37375 40735 40751 53234 61807 61903 61942 61948 62111 62204 63007 63791 63986 64543 64753 65305 65321 65329 65377 65474 7935 8175 14079 40191 40911 50175 53055 53241 54015 63183 64623 64719 64758 64764 65340 65388 65481 65489 52991 53231 62719 63743 65500 65524 
8178 8703 12273 61727 61937 61999 62193 62194 65298 65314 5119 5887 8185 11519 12278 12284 25343 28447 28463 37375 40945 53234 61807 61903 61942 61948 62111 62204 63791 63986 64543 64753 65305 65321 65377 65474 7679 16191 16239 28623 40191 40956 50175 50943 53241 54015 57119 57135 64623 64719 64758 64764 65388 65481 65489 16351 20479 52735 57295 62719 63743 65423 65500 65524 
4863 7983 8177 8178 8703 8959 12063 12273 12274 61727 61743 62193 62194 65298 65313 65314 6655 8095 8188 11519 12143 12239 12284 37375 40735 49919 53039 53233 53234 61903 61939 61942 62015 62204 63007 63985 63986 64543 64559 65305 65324 65425 65474 40191 40911 51711 53151 53244 61949 62191 63087 63183 63996 64719 64755 64758 65436 65481 36863 63743 64765 65423 65524 
4863 7983 8177 8178 8703 8959 12079 61727 61743 62193 62194 65298 65313 65314 6655 8095 8188 11519 12191 12278 28447 28657 37375 49919 53039 53233 53234 61903 61939 61942 62015 62204 63023 63985 63986 64543 64559 65305 65324 65425 65474 12285 28623 28668 40191 51711 53151 53244 57119 61949 62191 63135 63996 64719 64755 64758 65436 65481 20479 36863 57295 63743 64765 65524 
7967 7983 8703 8959 12063 12273 12274 61727 61743 61983 61999 65298 5119 8143 11519 12143 12239 12284 28463 37375 37631 40945 40946 53023 53039 61903 61939 61942 62159 62195 62198 62449 62450 63217 63218 64543 64559 65305 65318 65329 65377 65378 65474 7935 40191 40956 50175 53199 61949 62205 62460 63228 64719 64755 64758 65009 65010 65325 65340 65388 65481 65489 36863 52991 64765 65020 65359 65423 65500 65524 65528 
4863 7967 7983 8177 8178 12063 12273 12274 61743 61983 62193 62194 65313 65314 6655 8143 8188 9983 12143 12239 12284 12799 25343 49919 53023 53039 53233 53234 61855 61942 62063 62159 62204 63775 63985 63986 64559 65324 65425 65426 11775 15615 27135 51711 53199 53244 57855 61949 63951 63996 64671 64758 65436 20479 36863 60671 63743 64765 65423 65528 
7983 12079 61743 61999 5119 5887 8095 8182 9215 9983 12191 12278 12799 13055 16159 53039 61855 61942 62111 62198 62239 63007 64559 65302 65315 7679 8189 11775 12285 15615 16335 16371 50175 50943 53151 53238 57855 58111 61215 61949 62205 62415 62451 63183 63219 64671 64758 64799 65309 65326 65382 65427 65478 36863 52735 53245 60671 61391 61427 64765 64975 65011 65359 65389 65485 
7967 7983 8178 8703 8959 12063 12273 61727 61743 61938 61983 61999 62194 65298 8143 8185 11519 12239 12284 28463 28658 37375 37631 40945 53023 53039 53234 61903 61945 62159 62201 63217 64543 64559 64754 65305 65318 65329 65378 65474 40191 40956 53199 53241 63228 64719 64761 65009 65325 65340 65385 65481 65505 36863 63743 65020 65359 65423 65516 65528 
7967 8959 12273 12274 61937 61938 61983 61999 62193 65314 5887 8143 8179 10751 12095 12143 12284 12799 25087 28463 37631 40945 40946 53023 61759 61807 61948 62159 62198 62204 63218 63775 63791 64753 64754 65299 65302 65321 65377 65426 7679 8190 12255 15615 27903 28575 39423 40815 40956 50943 53199 53235 53759 57135 61919 63951 64575 64623 64764 65309 65388 65433 65475 65478 65489 52735 53246 56575 62719 64735 65423 65485 65500 65524 65528 
7967 8178 8959 12273 61937 61983 61999 62193 62194 65314 5119 5887 8047 8143 8185 10751 12095 12278 12284 28463 37631 40945 53023 53234 61759 61942 61948 62159 62204 63775 63791 63986 64753 65299 65302 65321 65426 7679 12271 28575 39423 40956 50175 50943 53103 53199 53241 57135 61935 63951 64575 64758 64764 65309 65433 65475 65478 52735 62719 63743 64751 65423 65485 65528 
4863 7967 8177 8178 8703 12063 12079 61727 61937 61938 61983 62194 65298 65313 6655 8143 8188 11519 12239 25343 28657 28658 37375 40751 49919 53023 53233 53234 61903 61948 62159 62201 62255 63023 64543 64753 64754 65305 65324 65378 65425 65474 28668 40191 51711 53199 53244 64719 64764 64815 65436 65481 62719 63743 65359 65528 
7983 8178 12079 12274 61743 61938 61999 62194 5887 8095 8185 9983 12191 12281 16159 16369 25087 25343 28657 53039 53234 61855 61945 62111 62201 62239 62449 63007 64559 64754 65302 65315 65330 65377 7679 11775 16335 16380 27903 28668 50943 53151 53241 53759 54015 57329 61215 62415 62460 63183 64671 64761 64799 65265 65309 65326 65337 65388 65427 65478 65489 65506 36863 52735 56575 57340 61391 63743 64975 65276 65359 65485 65500 65524 
4863 7967 8177 8703 12063 12079 12274 61727 61937 61983 65298 65313 6655 8047 8143 8188 11519 12239 12281 37375 40751 40946 49919 53023 53233 61807 61903 61942 61948 62063 62159 62255 62450 63023 63218 64543 64753 65305 65324 65378 65425 65474 26367 40191 51711 53103 53199 53244 63225 64623 64719 64758 64764 64815 65010 65436 65481 62719 65359 65524 65528 
4863 8177 8959 12273 61937 65313 6655 7999 8182 8188 10751 12095 12278 12284 16159 16175 49919 53233 61759 61942 61948 62195 62239 62255 63007 63217 64753 65302 65318 65324 65425 8175 12271 16335 51711 53055 53238 53244 61215 61231 61935 62206 62415 63087 63183 63222 63228 64575 64758 64764 64799 65071 65309 65436 65478 53231 61391 62719 64751 64879 64975 65359 65423 65485 
4863 7967 7983 8177 8178 12079 61743 61983 62193 62194 65313 65314 6655 8143 8188 9215 9983 12191 12278 12799 25343 49919 53023 53039 53233 53234 61855 61942 62063 62159 62204 63023 63775 63985 63986 64559 65299 65302 65324 65425 65426 11775 12285 15615 27135 28659 51711 53199 53244 57855 61949 63951 63996 64671 64758 65309 65436 65475 65478 36863 60671 63743 64765 65485 65528 
7967 8178 8959 12063 12079 12274 61937 61983 61999 62193 62194 65314 5119 8047 8143 8185 10751 12239 12281 16369 28657 37631 40751 53023 53234 61759 61942 61948 62159 62204 63775 63791 63986 64753 65321 65329 65426 7935 16380 28668 39423 50175 53103 53199 53241 57329 61935 63951 64575 64758 64764 65340 65433 65505 20479 52991 57340 62719 63743 64751 65516 65528 
7967 8959 12063 12079 61937 61938 61983 61999 62193 65314 8143 8182 10751 12239 12799 25087 28658 37631 40751 53023 61759 61807 61948 62159 62198 62204 63775 63791 64753 64754 65321 65329 65377 65426 8189 15615 16371 27903 28665 39423 53199 53238 53759 57330 61919 63951 64575 64623 64764 65340 65388 65433 65489 20479 53245 56575 57337 62719 64735 65500 65524 65528 
4863 7967 7983 8177 12063 12273 61743 61938 61983 62193 65313 65314 6655 8143 8182 8188 9215 9983 12239 12284 25087 28658 49919 53023 53039 53233 61855 61945 62159 62204 63775 63985 64559 64754 65324 65425 65426 11775 27903 28527 51711 53199 53238 53244 53759 57330 63087 63951 63996 64671 64761 65436 20479 36863 56575 65423 65524 65528 
4863 7967 7983 8177 12079 12274 61743 61938 61983 62193 65313 65314 6655 8143 8188 9983 12191 12281 25087 28657 40946 49919 53023 53039 53233 61855 61945 62159 62204 63023 63218 63775 63985 64559 64754 65299 65302 65324 65425 65426 11775 27903 28668 51711 53199 53244 53759 63951 63996 64671 64761 65309 65436 65475 65478 36863 56575 65485 65524 65528 
7983 12063 12273 12274 61743 61999 5119 8095 8179 9983 12143 12239 12284 12799 13055 28463 40735 40945 40946 53039 61855 61942 62111 62198 62239 63217 63218 64559 65299 65318 65329 65330 7935 8190 11775 15615 25599 38655 40911 40956 50175 53151 53235 57855 58111 61949 62205 62415 63228 64671 64758 65009 65010 65055 65310 65325 65340 65379 65430 65475 65505 65506 20479 36863 40447 52991 53246 60671 64765 65020 65231 65359 65423 65437 65486 65516 
4863 8177 8959 12063 12079 12274 61937 65313 6655 8188 10751 12239 12281 28657 40735 40751 40946 49919 53233 61759 61942 61948 62195 62239 62255 63023 63218 64753 65299 65324 65330 65425 28668 40911 51711 53244 61935 62206 62415 63135 63225 64575 64758 64764 64815 65010 65055 65310 65436 65475 65506 20479 62719 64751 64927 65231 65359 65486 
4863 8177 8178 8959 12063 12079 61937 61938 62194 65313 6655 8047 8188 10751 12239 12799 25087 28658 40735 40751 49919 53233 53234 61759 61807 61948 62063 62201 62239 62255 63023 64753 64754 65299 65324 65425 8159 15615 27903 28665 40911 51711 53103 53244 53759 61919 62175 62415 63135 64575 64623 64764 64815 65055 65310 65382 65436 65475 20479 53215 56575 62719 63743 64735 64927 65231 65359 65486 65494 65524 
7983 8178 12063 12273 61743 61938 61999 62194 8095 8185 9215 9983 12239 12284 25087 25343 28463 28658 40735 40945 53039 53234 61855 61945 62111 62201 62239 62449 63217 64559 64754 65299 65318 65329 65377 11775 27903 37887 38655 40911 40956 53151 53241 53759 54015 62415 62460 63228 64671 64761 65009 65055 65310 65325 65340 65388 65430 65475 65489 20479 36863 40447 56575 63743 65020 65231 65359 65423 65437 65486 65500 65524 
4863 7983 8177 8959 12079 12274 61937 61938 62193 65313 6655 8095 8182 8188 10751 12191 12281 12799 16159 28447 40946 49919 53039 53233 61759 61807 61948 62015 62063 62204 62239 63007 63218 64753 64754 65324 65330 65425 15615 16335 28623 51711 53151 53238 53244 57119 57855 61919 62175 62415 63183 64575 64623 64764 64799 65436 65506 57295 60671 64735 64975 65524 
8703 12063 12079 12273 12274 61727 61743 61937 65298 65314 9983 11519 12239 12284 37375 40735 40751 40945 40946 61903 61942 61948 62450 63218 64543 64559 64753 65305 65321 65329 65474 38655 40191 40911 40956 63039 63225 64719 64758 64764 65010 65340 65481 65505 8191 36863 63215 65423 65516 65524 
4863 7967 8177 12063 12079 12274 61743 61999 62193 62194 65313 65314 6655 8047 8143 8182 8188 9983 12239 12281 12799 28657 40751 40946 49919 53023 53233 61855 61939 62111 62204 63985 63986 64559 65299 65302 65324 65425 65426 11775 15615 25599 28668 51711 53103 53199 53238 53244 57855 61950 63996 64671 64755 65309 65436 65475 65478 20479 36863 60671 64766 65359 65485 
4863 8177 8959 12274 61743 61937 61938 61999 62193 65313 6655 8047 8188 10751 12143 12281 28447 28463 40946 49919 53233 61855 61948 62111 62198 62204 63218 64559 64753 64754 65302 65324 65330 65425 8159 12255 28623 51711 53103 53244 57119 57135 64671 64764 65309 65382 65436 65478 65506 36863 53215 57295 65359 65485 65524 
4863 7967 7983 8177 12063 12274 61983 61999 65313 65314 6655 8143 8188 9215 12143 12239 12281 25087 28463 40946 49919 53023 53039 53233 61942 62159 62198 63217 63218 63775 63791 65324 65425 65426 12031 26367 27903 51711 53199 53244 53759 61949 62205 63228 63951 64758 65009 65010 65436 20479 56575 62719 64765 65020 65528 
7967 8959 12063 12079 12273 12274 61743 61937 61983 65314 8047 8143 8179 10751 12239 12284 12799 25087 37631 40751 40945 40946 53023 61855 61942 61948 62063 62159 62195 63218 63775 64559 64753 65321 65329 65377 65426 8190 15615 27903 39423 40956 53103 53199 53235 53759 62206 63225 63951 64671 64758 64764 65010 65340 65388 65433 65489 20479 36863 53246 56575 65423 65500 65528 
4863 7967 8177 8178 8703 61727 61743 61937 61983 61999 62193 62194 65298 65313 6655 8047 8143 8188 9983 11519 12095 12275 25343 28463 37375 49919 53023 53233 53234 61903 61942 61948 62159 62204 63986 64543 64559 64753 65305 65324 65378 65425 65474 12271 12286 28575 28662 40191 51711 53103 53199 53244 57135 64719 64758 64764 65436 65481 20479 28669 36863 63743 65359 65524 65528 
7967 8959 61743 61937 61983 65314 5887 8047 8143 8182 10751 12275 12799 16175 16370 25087 28447 28657 37631 53023 61855 61942 61948 62063 62159 62195 63023 63217 63775 64559 64753 65299 65302 65321 65377 65426 7679 8189 12286 15615 16377 27903 28527 28623 28668 39423 40947 50943 53103 53199 53238 53759 57329 61231 61426 62206 63222 63228 63951 64671 64758 64764 65309 65388 65433 65475 65478 65489 36863 52735 53245 56575 57340 65485 65500 65528 
4863 7983 8177 8703 8959 12063 12274 61727 61999 65298 65313 65314 6655 8095 8188 11519 12143 12239 12281 28463 28657 37375 40735 40946 49919 53039 53233 61807 61903 61939 61942 62111 62195 62198 62449 62450 63217 63218 63791 64543 65305 65324 65425 65474 28668 40191 40911 51711 53151 53244 61949 62205 62460 63228 64623 64719 64755 64758 65009 65010 65436 65481 62719 64765 65020 65524 
7967 7983 8178 8703 8959 12079 12273 61727 61983 62193 62194 65298 5887 8143 8185 11519 12191 12284 37375 37631 40945 53023 53039 53234 61807 61903 61939 61942 62063 62159 62204 62255 63985 63986 64543 65305 65315 65318 65378 65474 7679 28662 40191 40956 50943 53199 53241 61949 63996 64623 64719 64755 64758 65071 65325 65385 65481 20479 52735 62719 63743 64765 65359 65423 65524 65528 
4863 7983 8177 8178 8703 8959 12063 61727 61938 61999 62194 65298 65313 65314 6655 8095 8188 11519 12239 12275 12278 28463 28658 37375 40735 49919 53039 53233 53234 61903 61945 62111 62201 63217 63791 64543 64754 65305 65324 65425 65474 12285 28665 40191 40911 51711 53151 53244 63228 64719 64761 65009 65436 65481 62719 63743 65020 
7967 7983 8178 8703 8959 12063 12274 61727 61983 62193 62194 65298 8143 8185 11519 12143 12239 12281 28657 37375 37631 53023 53039 53234 61807 61903 61939 61942 62063 62159 62204 62255 63023 63985 63986 64543 65305 65329 65378 65474 28668 40191 53199 53241 57329 61949 63996 64623 64719 64755 64758 64815 65340 65385 65481 65505 57340 62719 63743 64765 65359 65516 65524 65528 
7967 7983 8703 8959 12079 12273 12274 61727 61938 61983 62193 65298 5119 5887 8143 11519 12191 12284 37375 37631 40945 40946 53023 53039 61903 61945 62159 62204 62255 63218 63985 64543 64754 65305 65315 65318 65377 65378 65474 7679 40191 40956 50175 50943 53199 63996 64719 64761 65071 65325 65388 65481 65489 20479 52735 62719 65359 65423 65500 65528 
4863 7983 8177 8959 12063 12273 61937 61938 62193 65313 6655 8095 8188 10751 12239 12284 12799 16370 28658 40735 49919 53039 53233 61759 61807 61948 62015 62063 62204 62239 63023 64753 64754 65299 65302 65318 65324 65425 15615 40911 51711 53151 53244 57330 57855 61919 62175 62415 63135 63222 64575 64623 64764 64815 65055 65309 65436 65475 65478 20479 60671 64735 64927 65231 65423 65485 65524 
8178 8703 12063 12079 12273 61727 61743 61937 61938 62194 65298 65314 5119 8047 8185 9983 11519 12239 12278 12284 13055 25343 28658 37375 40735 40751 40945 53234 61903 61948 62063 62201 64543 64559 64753 64754 65305 65321 65329 65377 65474 7935 8159 38655 40191 40911 40956 50175 53103 53241 54015 62175 63039 64719 64764 65340 65388 65481 65489 36863 52991 53215 63743 65423 65500 
4863 7967 8177 8703 12274 61727 61743 61937 61938 61983 61999 62193 65298 65313 6655 8143 8188 9983 11519 12095 12143 12281 28463 28657 37375 40946 49919 53023 53233 61903 61948 62159 62198 62204 63218 64543 64559 64753 64754 65305 65324 65378 65425 65474 12255 28575 28668 40191 40815 51711 53199 53244 57135 64719 64764 65436 65481 20479 36863 65359 65528 
7967 7983 8703 8959 12063 61727 61938 61983 62193 65298 5119 8143 8179 8182 11519 12239 12275 12278 16369 28658 37375 37631 53023 53039 61903 61945 62159 62204 62255 63023 63985 64543 64754 65305 65329 65377 65378 65474 7935 8189 12285 16380 28527 28665 40191 50175 53199 53235 53238 57330 61425 63996 64719 64761 64815 65340 65388 65481 65489 52991 53245 57337 61436 62719 65359 65500 65528 
4863 7967 8177 8703 12063 12079 12273 61727 61743 61937 61938 61983 61999 62193 65298 65313 6655 8143 8182 8188 9983 11519 12239 12278 12284 28658 37375 40751 49919 53023 53233 61903 61948 62159 62198 62204 64543 64559 64753 64754 65305 65318 65324 65378 65425 65474 40191 51711 53199 53238 53244 57330 64719 64764 65436 65481 36863 65359 65423 65528 
4863 7967 8177 8178 12063 12079 61743 61938 61983 62194 65313 65314 6655 8143 8188 9215 9983 12239 12275 25343 28657 28658 40751 49919 53023 53233 53234 61855 61945 62159 62201 62449 63217 63775 64559 64754 65302 65324 65425 65426 11775 12286 27135 28668 51711 53199 53244 62460 63087 63228 63951 64671 64761 65009 65309 65436 65478 20479 36863 62719 63743 65020 65359 65485 65524 65528 
4863 7967 8177 12063 12079 12274 61743 61983 65313 65314 6655 8047 8143 8182 8188 9983 12239 12281 12799 25087 40751 40946 49919 53023 53233 61855 62063 62159 63217 63218 63775 64559 65302 65324 65425 65426 11775 15615 27903 51711 53103 53199 53238 53244 53759 62451 62454 63228 63951 64671 65009 65010 65309 65436 65478 20479 36863 56575 62461 62719 65020 65359 65485 65528 
8703 61727 61743 61937 65298 65314 5887 7999 8179 8182 9983 11519 12095 12275 16159 16175 16369 37375 61903 61942 61948 62450 63007 63023 63217 64543 64559 64753 65305 65321 65474 7679 8175 8189 12271 12286 16335 16380 28662 40191 50943 53055 53235 53238 61215 61231 61425 63183 63222 63228 64719 64758 64764 65266 65481 20479 28669 36863 52735 53231 53245 61391 61436 65524 
8178 12063 12079 12274 61743 61999 62193 62194 5119 5887 8185 9983 12239 12281 12799 16369 25087 25343 40735 40751 53234 61855 62111 62204 62239 63985 63986 64559 65299 65302 65315 65329 65330 65377 7679 11775 15615 16380 27903 40911 50175 50943 53241 53759 54015 61425 62415 63996 64671 65055 65309 65326 65340 65388 65475 65478 65489 65506 20479 36863 52735 56575 61436 62719 63743 65231 65485 65500 
4863 7983 8177 8703 8959 12079 12273 61727 61999 65298 65313 65314 6655 8095 8182 8188 11519 12191 12284 16159 37375 49919 53039 53233 61807 61903 61939 61942 62111 62195 62198 62449 62450 63007 63791 64543 65305 65324 65425 65474 16335 28662 40191 51711 53151 53238 53244 61215 61949 62205 62460 63183 64623 64719 64755 64758 65265 65266 65436 65481 20479 61391 62719 64765 65276 65423 65524 
4863 7983 8177 8178 8703 8959 12079 12273 12274 61727 61938 61999 62194 65298 65313 65314 6655 8095 8188 11519 12191 12284 16159 37375 49919 53039 53233 53234 61903 61945 62111 62201 63007 63791 64543 64754 65305 65324 65425 65474 16335 40191 51711 53151 53244 61215 63183 64719 64761 65436 65481 20479 61391 62719 63743 65423 
8178 8703 12274 61727 61743 61937 61938 62194 65298 65314 5119 5887 7999 8047 8185 9983 11519 12095 12143 12281 13055 16159 16175 25343 28657 37375 53234 61903 61948 62063 62201 63007 63023 63217 64543 64559 64753 64754 65305 65321 65377 65474 7679 8159 12255 16335 28668 40191 50175 50943 53055 53103 53241 54015 57329 61215 61231 62175 63183 63228 64719 64764 65388 65481 65489 20479 36863 52735 53215 57340 61391 63743 65500 
7967 8178 8959 12063 12079 12273 61743 61937 61938 61983 62194 65314 5119 8143 8185 10751 12239 12278 12284 28658 37631 40751 40945 53023 53234 61855 61948 62159 62201 63775 64559 64753 64754 65321 65329 65426 7935 39423 40956 50175 53199 53241 63951 64671 64764 65340 65433 65505 20479 36863 52991 63743 65423 65516 65524 65528 
4863 7967 7983 8177 8178 12063 61938 61983 61999 62194 65313 65314 6655 8143 8188 12239 12275 12278 12799 25343 28463 28657 28658 49919 53023 53039 53233 53234 61807 61945 62159 62201 62449 63217 63775 63791 64754 65324 65425 65426 12285 15615 27135 28668 51711 53199 53244 57855 61919 62460 63228 63951 64623 64761 65009 65436 20479 60671 62719 63743 64735 65020 65524 65528 
7983 12079 12273 12274 61938 62193 5119 5887 8095 8179 9215 12191 12284 12799 28447 40945 40946 53039 61807 61945 62015 62063 62204 62255 63218 63985 64754 65302 65315 65318 65330 7679 8190 12031 15615 26367 28623 40956 50175 50943 53151 53235 57119 57855 61919 62175 62367 63807 63996 64623 64761 65071 65309 65325 65337 65427 65478 65506 28159 52735 53246 57295 60671 62719 64735 65183 65359 65423 65485 65513 65524 
4863 8177 8959 12063 12079 12273 61743 61937 61938 61999 62193 65313 6655 7999 8047 8182 8188 10751 12239 12278 12284 16370 28658 40735 40751 49919 53233 61855 61948 62111 62198 62204 63007 64559 64753 64754 65299 65318 65324 65425 8159 40911 51711 53055 53103 53238 53244 57330 63183 64671 64764 64799 65310 65430 65436 65475 20479 36863 53215 64975 65359 65423 65486 65524 
7967 8703 8959 12273 12274 61727 61743 61938 61983 61999 62193 65298 8143 8182 11519 12143 12284 16175 28463 37375 37631 40945 40946 53023 61903 61945 62159 62198 62204 63218 63985 64543 64559 64754 65305 65318 65377 65378 65474 8189 12255 28575 40191 40815 40956 53199 53238 57135 63996 64719 64761 65325 65388 65481 65489 20479 36863 53245 62719 65423 65500 65528 
7983 8178 12079 12273 62193 62194 5887 8095 8185 12191 12284 13055 25087 25343 28447 40945 53039 53234 61942 62015 62204 62255 63985 63986 65302 65315 65318 65377 7679 14847 27903 28623 40956 50943 53151 53241 53759 54015 57119 61949 62191 62367 63807 63996 64758 65071 65309 65325 65388 65427 65478 65489 52735 56575 57295 62719 63743 63983 64765 65183 65359 65423 65485 65500 
7983 12063 61938 62193 5119 8095 8182 12239 12275 12278 12799 16370 28657 28658 40735 53039 61807 61945 62015 62063 62204 62255 63007 63023 63985 64754 65299 65329 7935 8189 12285 15615 16377 28668 40911 40947 50175 53151 53238 57329 57330 57855 61919 62175 62367 63183 63807 63996 64623 64761 64799 64815 65310 65340 65475 65505 20479 52991 53245 57340 60671 62719 64735 64975 65359 65486 65516 65524 
4863 8177 8178 8959 61743 61937 61999 62193 62194 65313 6655 8188 10751 12275 12799 25087 28447 28463 28657 49919 53233 53234 61855 61942 61948 62111 62204 63986 64559 64753 65302 65324 65425 12286 15615 16191 16239 27903 28623 28668 51711 53244 53759 57119 57135 64671 64758 64764 65309 65436 65478 16351 36863 56575 57295 63743 65359 65485 
7983 8178 12063 12274 62193 62194 8095 8185 9215 12143 12239 12281 13055 16369 25087 25343 40735 53039 53234 61942 62015 62204 62255 63007 63023 63985 63986 65299 65329 65330 65377 12031 14847 16380 27903 37887 40911 53151 53241 53759 54015 61425 61949 62191 62367 63183 63807 63996 64758 64799 64815 65310 65340 65382 65388 65475 65489 65506 20479 40703 56575 61436 62719 63743 63983 64765 64975 65359 65486 65494 65500 
4863 8177 8178 8959 12063 12079 12273 12274 61743 61937 61999 62193 62194 65313 6655 7999 8188 10751 12239 12284 12799 25087 40735 40751 49919 53233 53234 61855 61942 61948 62111 62204 63007 63986 64559 64753 65299 65318 65324 65330 65425 8175 15615 27903 40911 51711 53055 53244 53759 63183 64671 64758 64764 64799 65310 65430 65436 65475 65506 20479 36863 53231 56575 63743 64975 65359 65423 65486 
7983 8703 12063 12273 12274 61727 61937 61999 65298 65314 5119 5887 8095 8182 11519 12143 12239 12284 13055 28463 37375 40735 40945 40946 53039 61807 61903 61948 62111 62198 62450 63007 63218 63791 64543 64753 65305 65321 65329 65474 7679 8189 26367 40191 40911 40956 50175 50943 53151 53238 58111 62205 63183 63225 63990 64623 64719 64764 65010 65340 65481 65505 52735 53245 65359 65423 65516 65524 
4863 7967 7983 8177 8178 8703 12063 12273 12274 61727 61937 61983 62193 62194 65298 65313 6655 8143 8188 11519 12143 12239 12284 25343 37375 49919 53023 53039 53233 53234 61807 61903 61948 62063 62159 62204 63023 63986 64543 64753 65305 65318 65324 65378 65425 65474 40191 51711 53199 53244 64623 64719 64764 64815 65436 65481 63743 65423 65524 65528 
7967 8178 8959 12274 61743 61937 61938 61983 62194 65314 5119 5887 8143 8185 10751 12143 12281 16175 16369 28447 37631 53023 53234 61855 61948 62159 62201 63023 63217 63775 64559 64753 64754 65299 65302 65321 65426 7679 12255 16380 28623 39423 40815 50175 50943 53199 53241 61231 61425 63228 63951 64671 64764 65309 65433 65475 65478 36863 52735 61436 63743 65485 65524 65528 
4863 7967 7983 8177 8178 12079 12273 12274 61938 61983 61999 62194 65313 65314 6655 8143 8188 9215 12191 12284 12799 25343 28447 49919 53023 53039 53233 53234 61807 61945 62159 62201 62449 63775 63791 64754 65299 65302 65324 65425 65426 12031 15615 27135 28623 51711 53199 53244 57855 61919 62460 63951 64623 64761 65265 65309 65436 65475 65478 60671 62719 63743 64735 65276 65423 65485 65524 65528 
4863 7967 7983 8177 12079 12273 61983 61999 65313 65314 6655 8143 8182 8188 12191 12284 16370 25087 28447 49919 53023 53039 53233 61942 62159 62198 63775 63791 65299 65302 65324 65425 65426 27903 28623 51711 53199 53238 53244 53759 61426 61949 62205 62451 63219 63951 64758 65309 65436 65475 65478 56575 62719 64765 65011 65423 65485 65528 
7967 7983 8178 8959 12063 12273 61937 61938 61983 61999 62194 65314 5887 8143 8185 10751 12239 12284 12799 28463 28658 37631 40945 53023 53039 53234 61759 61807 61948 62159 62201 63775 63791 64753 64754 65302 65321 65329 65426 7679 15615 39423 40956 50943 53199 53241 57855 61919 63951 64575 64623 64764 65309 65340 65433 65478 65505 20479 52735 60671 63743 64735 65359 65423 65485 65516 65524 65528 
12273 12274 61743 61938 61999 62193 7999 8047 8179 8182 9983 12095 12143 12284 13055 16159 16175 28447 28463 40945 40946 61855 61945 62111 62198 62204 62239 63007 63218 63985 64559 64754 65318 65330 8159 8189 11775 12255 14847 16335 25599 28623 38655 40956 53055 53103 53235 53238 57119 57135 58111 62415 63183 63996 64671 64761 64799 65325 65337 65379 65430 65506 36863 40447 53215 53245 54271 57295 59903 62719 64975 65423 65437 65491 65513 65524 
8178 12273 61743 61999 62193 62194 5119 7999 8185 9215 9983 12095 12278 12284 12799 16159 16175 25087 25343 28447 28463 40945 53234 61855 62111 62204 62239 63007 63985 63986 64559 65318 65377 7935 8175 11775 12271 15615 16335 27903 28623 38655 40956 50175 53055 53241 53759 54015 57119 57135 62415 63183 63996 64671 64799 65325 65331 65388 65430 65489 36863 40447 52991 53231 56575 57295 62719 63743 64975 65423 65437 65500 
12063 12079 61743 61938 61999 62193 5887 8047 9215 9983 12239 12275 13055 16370 28657 28658 40735 40751 61855 61945 62111 62198 62204 62239 63985 64559 64754 65299 65302 65315 65329 7679 8159 11775 12286 14847 16377 28668 37887 40911 40947 50943 53103 57329 57330 58111 62415 63996 64671 64761 65055 65309 65326 65340 65382 65475 65478 65505 20479 36863 40958 52735 53215 57340 59903 62719 65231 65389 65485 65516 65524 
7967 7983 8959 12063 12273 12274 61937 61983 61999 65314 5119 5887 8143 8179 8182 10751 12143 12239 12284 25087 28463 37631 40945 40946 53023 53039 61759 61948 62159 62195 62198 63218 63775 63791 64753 65302 65321 65329 65377 65426 7679 8189 27903 39423 40956 50175 50943 53199 53235 53238 53759 61935 62205 63225 63951 63990 64575 64764 65010 65309 65340 65388 65433 65478 65489 20479 52735 53245 56575 64751 65359 65423 65485 65500 65528 
4863 7983 8177 8178 8959 12079 61937 62193 62194 65313 6655 8095 8188 10751 12191 12275 12278 16159 25087 28447 28657 49919 53039 53233 53234 61759 61948 62015 62204 62239 63007 63986 64753 65324 65425 12285 16335 27903 28623 28668 51711 53151 53244 53759 57119 61935 62191 62415 63087 63183 64575 64764 64799 65382 65436 56575 57295 63743 64751 64879 64975 65494 
4863 7983 8177 8178 8959 12063 12273 12274 61937 62193 62194 65313 6655 8095 8188 10751 12143 12239 12284 25087 40735 49919 53039 53233 53234 61759 61948 62015 62204 62239 63023 63986 64753 65299 65302 65318 65324 65330 65425 27903 40911 51711 53151 53244 53759 61935 62191 62415 63135 64575 64764 64815 65055 65309 65436 65475 65478 65506 20479 56575 63743 64751 64927 65231 65423 65485 
7967 7983 8178 8959 12079 12274 61937 61938 61983 61999 62194 65314 8143 8185 10751 12191 12281 12799 16369 28447 37631 53023 53039 53234 61759 61807 61948 62159 62201 63217 63775 63791 64753 64754 65299 65321 65426 15615 16380 28623 39423 53199 53241 57855 61425 61919 63228 63951 64575 64623 64764 65310 65433 65475 60671 61436 63743 64735 65359 65486 65524 65528 
4863 7967 8177 8178 12273 12274 61743 61938 61983 62194 65313 65314 6655 8143 8188 9983 12095 12143 12284 25343 28447 49919 53023 53233 53234 61855 61945 62159 62201 62449 63023 63775 64559 64754 65299 65324 65425 65426 11775 12255 27135 28623 40815 51711 53199 53244 62460 63951 64671 64761 65265 65310 65436 65475 36863 62719 63743 65276 65359 65423 65486 65524 65528 
4863 7967 8177 12273 61743 61983 65313 65314 6655 8047 8143 8188 9215 9983 12095 12278 12284 12799 16370 25087 28447 49919 53023 53233 61855 62063 62159 63023 63775 64559 65299 65324 65425 65426 11775 12271 15615 27903 28527 28623 40950 51711 53103 53199 53244 53759 61426 63951 64671 65310 65436 65475 36863 56575 62719 65359 65423 65486 65528 
7967 7983 8959 12079 61937 61983 61999 65314 5119 8143 10751 12191 12275 12278 16370 25087 28447 28657 37631 53023 53039 61759 61948 62159 62195 62198 63217 63775 63791 64753 65299 65321 65377 65426 7935 12285 16377 27903 28623 28668 39423 40947 40950 50175 53199 53759 57329 61426 61935 62205 63228 63951 63990 64575 64764 65310 65388 65433 65475 65489 40957 52991 56575 57340 64751 65359 65486 65500 65528 
4863 7967 7983 8177 8178 8703 12079 61727 61937 61983 62193 62194 65298 65313 6655 8143 8188 11519 12191 12275 12278 25343 37375 49919 53023 53039 53233 53234 61807 61903 61948 62063 62159 62204 63986 64543 64753 65305 65324 65378 65425 65474 12285 40191 51711 53199 53244 64623 64719 64764 65436 65481 20479 63743 65524 65528 
4863 8177 8703 8959 12063 12079 12274 61727 61743 65298 65313 65314 6655 7999 8182 8188 11519 12239 12281 28657 37375 40735 40751 40946 49919 53233 61903 61939 62195 62449 62450 63007 63217 63218 64543 64559 65305 65324 65425 65474 8175 28668 40191 40911 51711 53055 53238 53244 61950 62206 62460 63087 63183 63228 64719 64755 65009 65010 65436 65481 36863 53231 62719 64766 65020 65359 65524 
7967 8178 8703 8959 12273 61727 61743 61983 61999 62193 62194 65298 5119 8047 8143 8185 11519 12278 12284 16175 28463 37375 37631 40945 53023 53234 61903 61939 62159 62204 63985 63986 64543 64559 65305 65318 65378 65474 7935 28575 40191 40956 50175 53103 53199 53241 57135 61950 63996 64719 64755 65325 65385 65481 20479 36863 52991 62719 63743 64766 65423 65524 65528 
4863 8177 8178 8703 8959 12063 12079 61727 61743 61938 62194 65298 65313 65314 6655 7999 8047 8188 11519 12239 12275 28658 37375 40735 40751 49919 53233 53234 61903 61945 62063 62201 63007 63217 64543 64559 64754 65305 65324 65425 65474 8159 12286 28665 40191 40911 51711 53055 53103 53244 62175 63183 63228 64719 64761 65009 65436 65481 36863 53215 62719 63743 65020 65359 
7967 8178 8703 8959 12063 12079 12274 61727 61743 61983 61999 62193 62194 65298 5119 5887 8047 8143 8185 11519 12239 12281 28657 37375 37631 40751 53023 53234 61903 61939 62159 62204 63985 63986 64543 64559 65305 65315 65329 65378 65474 7679 28668 40191 50175 50943 53103 53199 53241 57329 61950 63996 64719 64755 65326 65340 65385 65481 65505 36863 52735 57340 62719 63743 64766 65516 65524 65528 
7983 8178 8703 12063 12273 61727 61937 61938 61999 62194 65298 65314 5887 8095 8185 11519 12239 12284 25343 28463 28658 37375 40735 40945 53039 53234 61903 61948 62111 62201 63007 63791 64543 64753 64754 65305 65321 65329 65377 65474 7679 40191 40911 40956 50943 53151 53241 54015 63183 64719 64764 65340 65388 65481 65489 52735 63743 65359 65423 65500 
7967 8703 8959 12063 12079 61727 61743 61938 61983 61999 62193 65298 5887 8143 8179 11519 12239 12275 16369 28658 37375 37631 40751 53023 61903 61945 62159 62198 62204 63985 64543 64559 64754 65305 65315 65329 65377 65378 65474 7679 8190 12286 16380 28665 40191 50943 53199 53235 57330 61425 63996 64719 64761 65326 65340 65388 65481 65489 36863 52735 53246 57337 61436 62719 65500 65528 
4863 7967 7983 8177 8703 12079 12274 61727 61937 61938 61983 62193 65298 65313 6655 8143 8182 8188 11519 12191 12281 28657 37375 40946 49919 53023 53039 53233 61903 61948 62159 62204 63218 64543 64753 64754 65305 65324 65378 65425 65474 26367 28668 40191 51711 53199 53238 53244 62319 63087 64719 64764 65436 65481 20479 64879 65528 
4863 7967 7983 8177 8703 12063 12273 61727 61937 61938 61983 62193 65298 65313 6655 8143 8188 11519 12239 12284 28658 37375 49919 53023 53039 53233 61903 61948 62159 62204 63023 64543 64753 64754 65305 65318 65324 65378 65425 65474 16374 28527 40191 51711 53199 53244 57330 62319 63222 64719 64764 64815 65436 65481 65423 65528 
7983 8703 12079 61727 61937 61999 65298 65314 5119 8095 8179 11519 12191 12275 12278 13055 16369 37375 53039 61807 61903 61948 62111 62198 62450 63217 63791 64543 64753 65305 65321 65474 7935 8190 12285 16380 40191 40950 50175 53151 53235 58111 61425 62205 63228 63990 64623 64719 64764 65266 65481 20479 40957 52991 53246 61436 65359 65524 
4863 8177 8703 8959 12273 61727 61743 65298 65313 65314 6655 8188 11519 12278 12284 37375 49919 53233 61903 61939 62195 62449 62450 63023 64543 64559 65305 65324 65425 65474 40191 40950 51711 53244 61950 62206 62460 63135 64719 64755 65265 65266 65436 65481 20479 36863 62719 64766 65276 65359 65423 65524 
4863 8177 8178 8703 8959 12273 12274 61727 61743 61938 62194 65298 65313 65314 6655 8047 8188 11519 12143 12284 37375 49919 53233 53234 61903 61945 62063 62201 63023 64543 64559 64754 65305 65324 65425 65474 8159 12255 16191 28479 40191 51711 53103 53244 62175 63135 64719 64761 65436 65481 20479 36863 53215 57151 62719 63743 65359 65423 
7983 8178 8703 12079 12274 61727 61937 61938 61999 62194 65298 65314 8095 8185 11519 12191 12281 25343 28657 37375 53039 53234 61903 61948 62111 62201 63217 63791 64543 64753 64754 65305 65321 65377 65474 14079 28668 40191 53151 53241 54015 57329 63228 64719 64764 65388 65481 65489 20479 57340 63743 65359 65500 
7967 7983 8178 8703 8959 12079 12273 61727 61999 65298 5887 8143 8185 11519 12191 12284 28447 28658 37375 37631 40945 53023 53039 53234 61903 61942 62111 62198 63007 63791 64543 65305 65318 65329 65377 65474 7679 28623 40191 40956 50943 53199 53241 61949 62205 62451 63183 63219 64719 64758 65325 65340 65388 65481 65489 20479 52735 63743 64765 65011 65359 65423 65500 65524 
4863 8177 8959 12274 61743 61937 61938 61983 62194 65313 6655 8047 8188 10751 12143 12281 25087 28657 40946 49919 53233 61855 61948 62159 62201 63023 63217 63775 64559 64753 64754 65299 65302 65324 65378 65425 8159 12255 16191 27903 28479 28668 51711 53103 53244 53759 63228 63951 64671 64764 65309 65436 65475 65478 65490 36863 53215 56575 57151 62719 65359 65485 65524 65528 
7983 8178 12063 12274 61983 61999 8095 8185 9215 12143 12239 12281 16369 25343 28463 28657 40735 53039 53234 61759 61807 61939 61942 62159 62195 62198 62449 62450 63217 63218 63775 63791 65315 65378 12031 14079 16380 27135 28668 37887 40911 53151 53241 54015 57329 61919 61949 62205 62460 63228 63951 64575 64623 64755 64758 65009 65010 65326 65334 65385 65427 65490 15871 20479 40703 55807 57340 63743 64735 64765 65020 65341 65359 65438 65497 65528 
4863 8177 8178 8959 12063 12079 12273 12274 61743 61937 61983 65313 6655 7999 8188 10751 12239 12284 12799 40735 40751 49919 53233 53234 61855 61942 61948 62063 62159 62450 63218 63775 64559 64753 65318 65324 65378 65425 8175 15615 40911 51711 53055 53244 57855 63225 63951 64671 64758 64764 65010 65430 65436 65490 20479 36863 53231 60671 62719 63743 65359 65423 65528 
7967 8959 61743 61937 61999 62193 62194 65314 5887 8047 8143 8182 10751 12275 12799 16175 16370 28463 28658 37631 53023 61855 61942 61948 62111 62204 62239 63986 64559 64753 65302 65321 65329 65426 7679 8189 12286 15615 16377 28575 28665 39423 40947 50943 53103 53199 53238 57135 57330 57855 62415 64671 64758 64764 65055 65309 65340 65433 65478 65505 36863 52735 53245 57337 60671 62719 65231 65485 65516 
4863 7983 8177 8959 12079 12274 61937 61938 61983 61999 62194 65313 6655 8095 8182 8188 10751 12191 12281 12799 16159 25087 28657 40946 49919 53039 53233 61948 62159 62201 63217 63775 63791 64753 64754 65299 65324 65378 65425 15615 16335 27903 28668 51711 53151 53238 53244 53759 61215 63228 63951 64764 65310 65334 65436 65475 65490 56575 61391 62719 65486 65524 65528 
12063 12079 61743 61938 61983 62194 5887 8047 9215 9983 12239 12275 16370 25087 40735 40751 61855 61945 62159 62201 63217 63775 64559 64754 65302 65330 65377 65378 7679 8159 11775 12286 16377 27903 37887 40911 40947 50943 53103 53759 61426 63228 63951 64671 64761 65009 65309 65337 65388 65478 65489 65490 20479 36863 40958 52735 53215 56575 61433 65020 65485 65500 65524 65528 
12273 12274 61743 61938 61983 62194 7999 8047 8179 8182 9983 12095 12143 12284 16159 16175 25087 40945 40946 61855 61945 62159 62201 63023 63775 64559 64754 65299 65315 65318 65329 65377 65378 8159 8189 11775 12255 13311 16335 27903 38655 40956 53055 53103 53235 53238 53759 61215 61231 63951 64671 64761 65310 65325 65340 65388 65430 65475 65489 65490 36863 40447 53215 53245 56575 61391 65423 65437 65486 65500 65524 65528 
4863 7983 8177 8178 8959 12063 12273 12274 61937 61983 61999 65313 6655 8095 8188 10751 12143 12239 12284 28463 40735 49919 53039 53233 53234 61807 61948 62159 62198 62450 63218 63775 63791 64753 65302 65318 65324 65378 65425 40911 51711 53151 53244 61919 62205 63225 63951 63990 64623 64764 65010 65309 65436 65478 65490 20479 62719 63743 64735 65423 65485 65528 
7967 8703 8959 12273 12274 61727 61743 61938 62194 65298 8143 8182 11519 12143 12284 16175 28447 37375 37631 40945 40946 53023 61903 61945 62015 62063 62201 62449 63023 64543 64559 64754 65305 65315 65318 65329 65474 8189 12255 28623 40191 40815 40956 53199 53238 61231 62175 62460 63135 64719 64761 65265 65325 65340 65481 65505 20479 36863 53245 65276 65423 65516 
4863 7967 8177 8178 8703 12063 12079 12273 12274 61727 61743 61937 65298 65313 6655 8047 8143 8188 9983 11519 12239 12284 25343 37375 40751 49919 53023 53233 53234 61903 61942 61948 62015 62195 63218 64543 64559 64753 65305 65318 65324 65425 65474 40191 51711 53103 53199 53244 62191 62206 63087 63225 64719 64758 64764 65010 65436 65481 36863 62719 63199 63743 65359 65423 65524 
8703 12063 12079 12273 12274 61727 61743 61937 61983 61999 62193 62194 65298 65314 9983 11519 12239 12284 13055 37375 40735 40751 40945 40946 61903 61942 61948 62159 62204 63986 64543 64559 64753 65305 65321 65377 65474 38655 40191 40911 40956 58111 64719 64758 64764 65388 65481 65489 8191 36863 62719 65423 65500 65524 65528 
4863 7967 8177 8178 8703 61727 61743 61937 65298 65313 6655 8047 8143 8188 9983 11519 12095 12275 25343 28447 28657 28658 37375 49919 53023 53233 53234 61903 61942 61948 62015 62195 63007 63023 63217 64543 64559 64753 65305 65324 65425 65474 12271 12286 28527 28623 28668 40191 51711 53103 53199 53244 62191 62206 63183 63222 63228 64719 64758 64764 65436 65481 20479 36863 62719 63743 65359 65524 
4863 7983 8177 8703 8959 12063 12274 61727 61983 62193 62194 65298 65313 65314 6655 8095 8188 11519 12143 12239 12281 37375 40735 40946 49919 53039 53233 61903 61942 62063 62159 62204 62255 63023 63985 63986 64543 65305 65324 65425 65474 40191 40911 51711 53151 53244 61949 63855 63996 64719 64758 64815 65436 65481 64765 65524 65528 
7967 7983 8178 8703 8959 12063 12274 61727 61999 65298 8143 8185 11519 12143 12239 12281 28463 37375 37631 53023 53039 53234 61903 61942 62111 62198 63217 63218 63791 64543 65305 65315 65377 65474 40191 53199 53241 61949 62205 63228 64719 64758 65009 65010 65326 65382 65388 65481 65489 63743 64765 65020 65359 65500 65524 
4863 7983 8177 8178 8703 8959 12063 61727 61938 61983 62193 65298 65313 65314 6655 8095 8188 11519 12239 12275 12278 28657 37375 40735 49919 53039 53233 53234 61807 61903 61945 62159 62204 62255 63023 63985 64543 64754 65305 65324 65425 65474 12285 28668 40191 40911 51711 53151 53244 63996 64623 64719 64761 64815 65436 65481 63743 65528 
7967 7983 8703 8959 12063 61727 61938 61999 62194 65298 5119 8143 8179 8182 11519 12239 12275 12278 16369 28463 28657 37375 37631 53023 53039 61807 61903 61945 62111 62201 62449 63217 63791 64543 64754 65305 65315 65474 7935 8189 12285 16380 28668 40191 50175 53199 53235 53238 57329 62460 63228 64623 64719 64761 65009 65326 65481 52991 53245 57340 65020 65359 
7967 7983 8703 8959 12079 12273 12274 61727 61938 61999 62194 65298 5119 5887 8143 11519 12191 12284 28447 37375 37631 40945 40946 53023 53039 61807 61903 61945 62111 62201 62449 63007 63791 64543 64754 65305 65318 65329 65474 7679 28623 40191 40956 50175 50943 53199 62460 63183 64623 64719 64761 65265 65325 65340 65379 65481 65505 20479 52735 65276 65359 65423 65516 
8178 8703 12063 12079 12273 61727 61743 61937 61938 61983 61999 62193 65298 65314 5119 8047 8185 9983 11519 12239 12278 12284 25343 37375 40735 40751 40945 53234 61903 61948 62159 62198 62204 64543 64559 64753 64754 65305 65321 65474 7935 8159 38655 40191 40911 40956 50175 53103 53241 54015 64719 64764 65481 36863 52991 53215 62719 63743 65423 65528 
4863 7967 8177 8703 12063 12079 12273 61727 61743 61937 61938 62194 65298 65313 6655 8143 8182 8188 9983 11519 12239 12278 12284 37375 40751 49919 53023 53233 61903 61948 62015 62063 62201 64543 64559 64753 64754 65305 65318 65324 65425 65474 40191 51711 53199 53238 53244 62175 64719 64764 65436 65481 36863 62719 65359 65423 
4863 7967 8177 8703 12274 61727 61743 61937 61938 62194 65298 65313 6655 8143 8188 9983 11519 12095 12143 12281 28447 37375 40946 49919 53023 53233 61903 61948 62015 62063 62201 63007 63023 63217 64543 64559 64753 64754 65305 65324 65425 65474 12255 28623 40191 40815 51711 53199 53244 62175 63183 63228 64719 64764 65382 65436 65481 20479 36863 62719 65359 
4863 7983 8177 8703 8959 12079 12273 61727 61983 62193 62194 65298 65313 65314 6655 8095 8182 8188 11519 12191 12284 16159 28447 28658 37375 49919 53039 53233 61903 61942 62063 62159 62204 62255 63985 63986 64543 65305 65324 65425 65474 16335 28623 40191 51711 53151 53238 53244 57119 57330 61949 63855 63996 64719 64758 65071 65436 65481 20479 57295 64765 65423 65524 65528 
4863 7983 8177 8178 8703 8959 12079 12273 12274 61727 61938 61983 62193 65298 65313 65314 6655 8095 8188 11519 12191 12284 16159 28447 37375 49919 53039 53233 53234 61807 61903 61945 62159 62204 62255 63218 63985 64543 64754 65305 65324 65425 65474 16335 28623 40191 51711 53151 53244 57119 63087 63996 64623 64719 64761 65071 65436 65481 20479 57295 63743 65423 65528 
8178 8703 12274 61727 61743 61937 61938 61983 61999 62193 65298 65314 5119 5887 7999 8047 8185 9983 11519 12095 12143 12281 16159 16175 25343 28447 28463 37375 53234 61903 61948 62159 62198 62204 63218 64543 64559 64753 64754 65305 65321 65329 65474 7679 8159 12255 16335 28623 40191 50175 50943 53055 53103 53241 54015 57119 57135 64719 64764 65340 65481 65505 20479 36863 52735 53215 57295 62719 63743 65516 65528 
4863 8177 8959 12063 12079 12273 61743 61937 61938 61983 62194 65313 6655 7999 8047 8182 8188 10751 12239 12278 12284 16370 25087 40735 40751 49919 53233 61855 61948 62159 62201 63775 64559 64753 64754 65318 65324 65330 65378 65425 8159 27903 40911 51711 53055 53103 53238 53244 53759 61426 63087 63951 64671 64764 65430 65436 65490 20479 36863 53215 56575 62719 65359 65423 65524 65528 
7967 8178 8959 12063 12079 12273 61743 61937 61938 61999 62193 65314 5119 8143 8185 10751 12239 12278 12284 25087 37631 40751 40945 53023 53234 61855 61948 62111 62198 62204 62239 63007 64559 64753 64754 65299 65321 65377 65426 7935 27903 39423 40956 50175 53199 53241 53759 62415 63183 64671 64764 64799 65310 65388 65433 65475 65489 20479 36863 52991 56575 62719 63743 64975 65423 65486 65500 65524 
4863 7967 7983 8177 8178 12063 61938 62193 65313 65314 6655 8143 8188 12239 12275 12278 12799 25087 25343 49919 53023 53039 53233 53234 61759 61945 62063 62204 62239 62255 63007 63023 63985 64754 65299 65324 65425 65426 12285 15615 27903 28527 51711 53199 53244 53759 61935 62175 62415 63183 63855 63996 64575 64761 64799 64815 65310 65436 65475 20479 56575 63743 63967 64751 64975 65486 65524 
7983 12063 61938 61983 61999 62194 5119 8095 8182 12239 12275 12278 12799 13055 16370 25087 28463 40735 53039 61759 61945 62159 62201 63217 63775 63791 64754 65315 65330 65377 65378 7935 8189 12285 15615 16377 26367 27903 40911 40947 50175 53151 53238 53759 58111 61426 61935 63228 63951 64575 64761 65009 65326 65337 65388 65427 65489 65490 20479 52991 53245 55039 56575 61433 64751 65020 65359 65438 65500 65524 65528 
7983 12079 12273 12274 61938 61983 61999 62194 5119 5887 8095 8179 9215 12191 12284 12799 13055 25087 40945 40946 53039 61759 61945 62159 62201 63775 63791 64754 65299 65302 65318 65329 65377 65378 7679 8190 12031 15615 27903 40956 50175 50943 53151 53235 53759 58111 61935 63951 64575 64761 65309 65325 65340 65388 65475 65478 65489 65490 52735 53246 56575 64751 65359 65423 65485 65500 65524 65528 
4863 7967 7983 8177 12063 12274 62193 62194 65313 65314 6655 8143 8188 9215 12143 12239 12281 28657 40946 49919 53023 53039 53233 61759 61807 61939 61942 62204 62239 62255 63007 63023 63985 63986 65299 65324 65425 65426 12031 28668 51711 53199 53244 61919 61949 62415 63183 63996 64575 64623 64755 64758 64799 64815 65310 65436 65475 20479 64735 64765 64975 65486 
7983 8178 12079 12273 61983 61999 5887 8095 8185 12191 12284 25343 28658 40945 53039 53234 61759 61807 61939 61942 62159 62195 62198 62449 62450 63775 63791 65299 65302 65318 65329 65330 65378 7679 13311 27135 40956 50943 53151 53241 54015 61919 61949 62205 62460 63951 64575 64623 64755 64758 65265 65266 65309 65325 65340 65385 65475 65478 65490 65505 52735 55807 63743 64735 64765 65276 65359 65423 65485 65497 65516 65528 
7967 8959 12063 12079 12273 12274 61743 61937 61999 62193 62194 65314 8047 8143 8179 10751 12239 12284 12799 37631 40751 40945 40946 53023 61855 61942 61948 62111 62204 62239 63007 63986 64559 64753 65299 65321 65426 8190 15615 39423 40956 53103 53199 53235 57855 62415 63183 64671 64758 64764 64799 65310 65433 65475 20479 36863 53246 60671 62719 64975 65423 65486 
4863 8177 8178 8959 61743 61937 61983 65313 6655 8188 10751 12275 12799 28658 49919 53233 53234 61855 61942 61948 62063 62159 62450 63023 63217 63775 64559 64753 65299 65302 65324 65330 65378 65425 12286 15615 28665 51711 53244 57855 63222 63228 63951 64671 64758 64764 65266 65309 65436 65475 65478 65490 36863 60671 62719 63743 65359 65485 65528 
7967 8178 8959 12274 61743 61937 61938 61999 62193 65314 5119 5887 8143 8185 10751 12143 12281 16175 16369 25087 28463 28657 37631 53023 53234 61855 61948 62111 62198 62204 62239 63218 64559 64753 64754 65302 65321 65329 65377 65426 7679 12255 16380 27903 28575 28668 39423 40815 50175 50943 53199 53241 53759 57135 57329 62415 64671 64764 65055 65309 65340 65388 65433 65478 65489 36863 52735 56575 57340 62719 63743 65231 65485 65500 65524 
4863 7967 7983 8177 8178 12079 12273 12274 61938 62193 65313 65314 6655 8143 8188 9215 12191 12284 12799 25087 25343 49919 53023 53039 53233 53234 61759 61945 62063 62204 62239 62255 63218 63985 64754 65302 65324 65425 65426 12031 15615 27903 51711 53199 53244 53759 61935 62175 62415 63855 63996 64575 64761 65055 65071 65309 65436 65478 56575 63743 63967 64751 65231 65423 65485 65524 
4863 7967 7983 8177 12079 12273 62193 62194 65313 65314 6655 8143 8182 8188 12191 12284 16370 28658 49919 53023 53039 53233 61759 61807 61939 61942 62204 62239 62255 63985 63986 65302 65324 65425 65426 26367 51711 53199 53238 53244 57330 61919 61949 62415 63087 63996 64575 64623 64755 64758 65055 65071 65309 65436 65478 28159 63199 64735 64765 65231 65423 65485 
4863 7983 8177 8959 12063 12273 61937 61938 61983 61999 62194 65313 6655 8095 8188 10751 12239 12284 12799 16370 25087 28463 40735 49919 53039 53233 61948 62159 62201 63775 63791 64753 64754 65302 65318 65324 65330 65378 65425 15615 27903 40911 51711 53151 53244 53759 61426 63951 64764 65309 65436 65478 65490 20479 56575 62719 65423 65485 65524 65528 
7967 7983 8178 8959 12063 12273 61937 61938 62193 65314 5887 8143 8185 10751 12239 12284 12799 25087 37631 40945 53023 53039 53234 61948 62063 62204 63023 64753 64754 65299 65302 65321 65377 65426 7679 15615 27903 28527 39423 40956 50943 53199 53241 53759 62175 63135 63222 63855 64764 64815 65309 65388 65433 65475 65478 65489 20479 52735 56575 62719 63743 63967 64927 65359 65423 65485 65500 65524 
4863 7967 8177 8178 12063 12079 61743 61938 61999 62193 65313 65314 6655 8143 8188 9215 9983 12239 12275 25087 25343 40751 49919 53023 53233 53234 61855 61945 62111 62198 62204 63985 64559 64754 65299 65302 65324 65425 65426 11775 12286 27903 51711 53199 53244 53759 63996 64671 64761 65309 65436 65475 65478 20479 36863 56575 63743 65359 65485 65524 
8178 12273 61743 61983 5119 7999 8185 9215 9983 12095 12278 12284 12799 13055 16159 16175 25343 28658 40945 53234 61855 61939 62063 62159 62195 62449 62450 63023 63775 64559 65299 65315 65318 65329 65330 65378 7935 8175 11775 12271 15615 16335 27135 38655 40956 50175 53055 53241 54015 57855 61215 61231 61950 62206 62460 63951 64671 64755 65265 65266 65310 65325 65340 65385 65430 65475 65490 65505 36863 40447 52991 53231 55807 60671 61391 63743 64766 65276 65423 65437 65486 65497 65516 65528 
7967 7983 8959 12063 12273 12274 61937 62193 62194 65314 5119 5887 8143 8179 8182 10751 12143 12239 12284 37631 40945 40946 53023 53039 61807 61948 62204 63023 63986 64753 65299 65302 65321 65426 7679 8189 39423 40956 50175 50943 53199 53235 53238 61919 62271 63135 64623 64764 64815 65309 65433 65475 65478 20479 52735 53245 62719 64735 64927 65359 65423 65485 
4863 7983 8177 8178 8959 12079 61937 61983 61999 65313 6655 8095 8188 10751 12191 12275 12278 16159 28658 49919 53039 53233 53234 61807 61948 62159 62198 62450 63217 63775 63791 64753 65299 65324 65330 65378 65425 12285 16335 28665 51711 53151 53244 61215 61919 62205 63228 63951 63990 64623 64764 65266 65310 65436 65475 65490 61391 62719 63743 64735 65486 65528 
7967 7983 8178 8959 12079 12274 61937 61938 62193 65314 8143 8185 10751 12191 12281 12799 16369 25087 28657 37631 53023 53039 53234 61948 62063 62204 63007 63218 64753 64754 65321 65329 65377 65426 15615 16380 27903 28668 39423 53199 53241 53759 57329 62175 62271 63183 63855 64764 64799 65340 65388 65433 65489 56575 57340 62719 63743 63967 64975 65359 65500 65524 
4863 7967 8177 8178 12273 12274 61743 61938 61999 62193 65313 65314 6655 8143 8188 9983 12095 12143 12284 25087 25343 28463 49919 53023 53233 53234 61855 61945 62111 62198 62204 63007 63218 63985 64559 64754 65324 65425 65426 11775 12255 27903 28575 40815 51711 53199 53244 53759 57135 63183 63996 64671 64761 64799 65436 36863 56575 63743 64975 65359 65423 65524 
4863 7967 8177 12273 61743 61999 62193 62194 65313 65314 6655 8047 8143 8188 9215 9983 12095 12278 12284 12799 16370 28463 28658 49919 53023 53233 61855 61939 62111 62204 63007 63985 63986 64559 65324 65425 65426 11775 12271 15615 28575 40950 51711 53103 53199 53244 57135 57330 57855 61950 63183 63996 64671 64755 64799 65436 36863 60671 64766 64975 65359 65423 
7967 7983 8959 12079 61937 62193 62194 65314 5119 8143 10751 12191 12275 12278 16370 28658 37631 53023 53039 61807 61948 62204 63007 63986 64753 65321 65329 65426 7935 12285 16377 28665 39423 40947 40950 50175 53199 57330 61919 63183 64623 64764 64799 65340 65433 65505 40957 52991 57337 62719 64735 64975 65359 65516 
4863 7967 7983 8177 8178 8703 12063 12273 12274 61727 61937 61999 65298 65313 6655 8143 8188 11519 12143 12239 12284 25343 28463 37375 49919 53023 53039 53233 53234 61903 61948 62111 62195 62198 63007 63218 63791 64543 64753 65305 65318 65324 65425 65474 40191 51711 53199 53244 62205 63183 63225 63990 64719 64764 65010 65436 65481 62719 63743 65423 65524 
7983 8703 12063 12273 12274 61727 61937 61983 62193 62194 65298 65314 5119 5887 8095 8182 11519 12143 12239 12284 37375 40735 40945 40946 53039 61903 61948 62063 62159 62204 63023 63986 64543 64753 65305 65321 65377 65474 7679 8189 40191 40911 40956 50175 50943 53151 53238 63855 64719 64764 64815 65388 65481 65489 52735 53245 62719 65359 65423 65500 65524 65528 
4863 7967 7983 8177 8178 8703 12079 61727 61937 61999 65298 65313 6655 8143 8188 11519 12191 12275 12278 25343 28447 28657 28658 37375 49919 53023 53039 53233 53234 61903 61948 62111 62195 62198 63217 63791 64543 64753 65305 65324 65425 65474 12285 28623 28668 40191 51711 53199 53244 62205 63228 63990 64719 64764 65382 65436 65481 20479 62719 63743 65524 
7967 8178 8703 8959 12063 12079 12274 61727 61743 65298 5119 5887 8047 8143 8185 11519 12239 12281 37375 37631 40751 53023 53234 61903 62015 63007 63217 63218 64543 64559 65305 65377 65474 7679 40191 50175 50943 53103 53199 53241 62191 62451 62454 63183 63228 64719 65009 65010 65388 65481 65489 36863 52735 62461 63743 65020 65500 65524 
4863 8177 8703 8959 12063 12079 12274 61727 61743 61983 61999 62193 62194 65298 65313 65314 6655 7999 8182 8188 11519 12239 12281 37375 40735 40751 40946 49919 53233 61903 62159 62204 63985 63986 64543 64559 65305 65324 65425 65474 8175 40191 40911 51711 53055 53238 53244 63996 64719 65436 65481 36863 53231 65359 65524 65528 
7967 8178 8703 8959 12273 61727 61743 65298 5119 8047 8143 8185 11519 12278 12284 16175 28447 28658 37375 37631 40945 53023 53234 61903 62015 63023 64543 64559 65305 65315 65318 65329 65377 65474 7935 28527 28623 40191 40956 50175 53103 53199 53241 61231 62191 63135 64719 65325 65340 65388 65481 65489 20479 36863 52991 63743 65423 65500 65524 
4863 8177 8178 8703 8959 12063 12079 61727 61743 61938 61983 61999 62193 65298 65313 65314 6655 7999 8047 8188 11519 12239 12275 28657 37375 40735 40751 49919 53233 53234 61903 61945 62159 62198 62204 63985 64543 64559 64754 65305 65324 65425 65474 8159 12286 28662 28668 40191 40911 51711 53055 53103 53244 63996 64719 64761 65436 65481 36863 53215 63743 65359 65528 
7967 8703 8959 12063 12079 61727 61743 61938 62194 65298 5887 8143 8179 11519 12239 12275 16369 28657 37375 37631 40751 53023 61903 61945 62015 62063 62201 62449 63007 63217 64543 64559 64754 65305 65474 7679 8190 12286 16380 28662 28668 40191 50943 53199 53235 57329 62175 62460 63183 63228 64719 64761 65009 65382 65481 36863 52735 53246 57334 57340 65020 65389 
7983 8178 8703 12063 12273 61727 61937 61938 61983 62193 65298 65314 5887 8095 8185 11519 12239 12284 13055 25343 37375 40735 40945 53039 53234 61807 61903 61948 62159 62204 63023 64543 64753 64754 65305 65321 65474 7679 28662 40191 40911 40956 50943 53151 53241 54015 63222 64623 64719 64764 64815 65481 52735 62719 63743 65359 65423 65528 
4863 7967 7983 8177 8703 12063 12273 61727 61937 61938 61999 62194 65298 65313 6655 8143 8188 11519 12239 12284 28463 37375 49919 53023 53039 53233 61807 61903 61948 62111 62201 63007 63791 64543 64753 64754 65305 65318 65324 65425 65474 16374 26367 28662 40191 51711 53199 53244 63183 64623 64719 64764 65436 65481 57334 62719 65423 
4863 7967 7983 8177 8703 12079 12274 61727 61937 61938 61999 62194 65298 65313 6655 8143 8182 8188 11519 12191 12281 28447 37375 40946 49919 53023 53039 53233 61807 61903 61948 62111 62201 63217 63791 64543 64753 64754 65305 65324 65425 65474 28623 40191 51711 53199 53238 53244 63228 64623 64719 64764 65436 65481 20479 62719 
7983 8703 12079 61727 61937 61983 62193 62194 65298 65314 5119 8095 8179 11519 12191 12275 12278 16369 28447 28657 28658 37375 53039 61903 61948 62063 62159 62204 63986 64543 64753 65305 65321 65329 65377 65474 7935 8190 12285 16380 26367 28623 28668 40191 40950 50175 53151 53235 57119 57329 57330 63855 64719 64764 65340 65388 65481 65489 20479 40957 52991 53246 55039 57295 57340 62719 65359 65500 65524 65528 
4863 8177 8703 8959 12273 61727 61743 61983 61999 62193 62194 65298 65313 65314 6655 8188 11519 12278 12284 28447 28463 28658 37375 49919 53233 61903 62159 62204 63985 63986 64543 64559 65305 65324 65425 65474 16191 16239 28623 40191 40950 51711 53244 57119 57135 57330 63996 64719 65436 65481 16351 20479 36863 57295 65359 65423 65524 65528 
4863 8177 8178 8703 8959 12273 12274 61727 61743 61938 61983 61999 62193 65298 65313 65314 6655 8047 8188 11519 12143 12284 28447 28463 37375 49919 53233 53234 61903 61945 62159 62198 62204 63218 63985 64543 64559 64754 65305 65324 65425 65474 8159 12255 28623 40191 51711 53103 53244 57119 57135 63996 64719 64761 65436 65481 20479 36863 53215 57295 63743 65359 65423 65528 
7983 8178 8703 12079 12274 61727 61937 61938 61983 62193 65298 65314 8095 8185 11519 12191 12281 13055 25343 28447 37375 53039 53234 61807 61903 61948 62159 62204 63218 64543 64753 64754 65305 65321 65329 65474 28623 40191 53151 53241 54015 57119 64623 64719 64764 65340 65481 65505 20479 57295 62719 63743 65359 65516 65528 
4863 7967 7983 8177 12079 12274 61743 61938 61999 62194 65313 65314 6655 8143 8188 9983 12191 12281 28447 40946 49919 53023 53039 53233 61855 61945 62111 62201 63007 64559 64754 65302 65324 65425 65426 11775 25599 28623 51711 53199 53244 63183 64671 64761 64799 65309 65436 65478 36863 62719 64975 65485 65524 
7967 7983 8959 12079 12273 12274 61743 61937 61938 61999 62194 65314 5119 8143 8179 8182 10751 12191 12284 28447 37631 40945 40946 53023 53039 61855 61948 62111 62201 62239 63217 64559 64753 64754 65321 65329 65426 7935 8189 28623 39423 40956 50175 53199 53235 53238 62415 63228 64671 64764 65055 65340 65433 65505 36863 52991 53245 65231 65359 65423 65516 65524 
4863 7967 8177 12274 61938 62194 65313 65314 6655 8143 8182 8188 9215 12143 12281 12799 16175 28447 40946 49919 53023 53233 61759 61945 62015 62063 62201 62239 64754 65324 65425 65426 12031 12255 15615 28623 40815 51711 53199 53238 53244 57855 61231 61935 62175 62415 63855 64575 64761 65055 65436 60671 62719 63967 64751 65231 65359 65524 
7983 8178 8703 12063 12274 61727 61743 61937 61983 61999 65298 65314 5887 8095 8185 9983 11519 12143 12239 12281 25343 28463 28657 37375 40735 53039 53234 61903 61948 62159 62195 62198 63218 64543 64559 64753 65305 65321 65474 7679 28668 40191 40911 50943 53151 53241 54015 57329 62205 63225 63990 64719 64764 65010 65481 36863 52735 57340 63743 65359 65524 65528 
7983 8703 12079 12273 12274 61727 61743 61937 61938 61983 61999 62194 65298 65314 5119 8095 8182 9983 11519 12191 12284 13055 16159 37375 40945 40946 53039 61903 61948 62159 62201 63217 64543 64559 64753 64754 65305 65321 65329 65377 65474 7935 8189 16335 38655 40191 40956 50175 53151 53238 58111 61215 63228 64719 64764 65340 65388 65481 65489 20479 36863 52991 53245 61391 65359 65423 65500 65528 
8703 12063 12079 61727 61937 61938 61983 62194 65298 65314 7999 8047 8179 8182 11519 12239 16369 16370 37375 40735 40751 61807 61903 61948 62159 62201 62255 63023 64543 64753 64754 65305 65321 65377 65474 8159 8189 16380 26367 28662 40191 40911 53055 53103 53235 53238 61425 61426 64623 64719 64764 64815 65388 65481 65489 28669 53215 53245 55039 61436 65500 65528 
8703 12273 12274 61727 61937 61938 61983 62194 65298 65314 5887 8047 11519 12143 12284 37375 40945 40946 61807 61903 61948 62159 62201 62255 63217 64543 64753 64754 65305 65321 65329 65377 65474 7679 8159 12255 16191 28479 40191 40956 50943 53103 63228 64623 64719 64764 65071 65340 65388 65481 65489 20479 52735 53215 57151 65423 65500 65528 
7967 8959 12273 12274 61937 61938 62194 65314 5887 8143 8179 10751 12095 12143 12284 12799 28447 37631 40945 40946 53023 61948 62015 62063 62201 62255 63007 63217 64753 64754 65302 65321 65329 65426 7679 8190 12255 15615 28623 39423 40815 40956 50943 53199 53235 57855 62175 62367 63183 63228 63807 63855 64764 64799 65071 65309 65340 65433 65478 65505 52735 53246 60671 63967 64975 65423 65485 65516 65524 
61983 61999 62193 62194 13055 25087 28447 28463 28657 28658 61759 61807 61939 62159 62204 63775 63791 63985 63986 65299 65315 65329 65330 65377 65378 14847 16191 16239 16371 26367 27903 28623 28668 53759 57119 57135 57329 57330 58111 61919 61950 63951 63996 64575 64623 64755 65310 65326 65340 65388 65475 65489 65490 16351 16382 55039 56575 57295 57340 62719 64735 64766 65486 65500 65528 
4863 7967 8177 8178 65313 65314 6655 8047 8143 8188 16175 25087 25343 28447 28657 28658 49919 53023 53233 53234 61759 61807 61939 62015 62195 62239 62449 62450 65324 65425 65426 27903 28527 28623 28668 51711 53103 53199 53244 53759 61231 61919 61950 62191 62206 62415 62460 63087 64575 64623 64755 65055 65265 65266 65436 56575 62719 63199 63743 64735 64766 65231 65276 65359 
4863 7983 8177 8959 12079 12273 61743 61937 61983 62193 62194 65313 6655 8095 8188 10751 12191 12284 12799 25087 28447 28658 49919 53039 53233 61855 61948 62063 62159 62204 63023 63775 63986 64559 64753 65299 65318 65324 65330 65378 65425 15615 16374 27903 28623 51711 53151 53244 53759 57119 57330 63951 64671 64764 65310 65430 65436 65475 65490 36863 56575 57295 65423 65486 65528 
7967 7983 8178 8959 12079 12273 61743 61937 61999 65314 8143 8185 10751 12191 12284 12799 25087 28447 28658 37631 40945 53023 53039 53234 61855 61948 62111 62198 62239 62450 63217 64559 64753 65321 65329 65377 65426 15615 27903 28623 39423 40956 53199 53241 53759 62205 62415 63228 63990 64671 64764 65055 65266 65340 65388 65433 65489 36863 56575 63743 65231 65359 65423 65500 
7967 7983 8178 8959 12063 12274 61743 61937 61999 65314 5887 8143 8185 10751 12143 12239 12281 12799 16369 25087 28463 37631 53023 53039 53234 61855 61948 62111 62198 62239 62450 63007 63218 64559 64753 65299 65302 65321 65377 65426 7679 15615 16380 27903 39423 50943 53199 53241 53759 61425 62205 62415 63183 63225 63990 64671 64764 64799 65010 65309 65388 65433 65475 65478 65489 20479 36863 52735 56575 61436 63743 64975 65359 65485 65500 
4863 7983 8177 8178 8959 12079 12273 12274 61743 61937 61938 61983 62193 65313 6655 8095 8188 10751 12191 12284 28447 49919 53039 53233 53234 61855 61948 62159 62204 63023 63218 63775 64559 64753 64754 65299 65318 65324 65378 65425 28623 51711 53151 53244 57119 63951 64671 64764 65310 65430 65436 65475 65490 36863 57295 63743 65423 65486 65524 65528 
7967 7983 8959 12063 61743 61937 61938 61999 62194 65314 5119 5887 8143 10751 12239 12278 28463 28657 37631 53023 53039 61855 61948 62111 62201 62239 63007 64559 64753 64754 65299 65302 65321 65426 7679 12285 16371 28668 39423 40950 50175 50943 53199 57329 62415 63183 64671 64764 64799 65309 65433 65475 65478 20479 36863 40957 52735 57340 64975 65359 65485 65524 
8178 12274 61938 61983 61999 62193 5119 8047 8185 9215 12143 12281 12799 16369 25343 28447 28463 53234 61759 61945 62159 62198 62204 63218 63775 63791 63985 64754 65299 65315 65329 65378 7935 8159 12031 12255 14079 15615 16380 27135 28623 50175 53103 53241 54015 57119 57135 57855 61425 61935 63951 63996 64575 64761 65310 65326 65334 65340 65385 65475 65490 65505 52991 53215 55807 57295 60671 61436 62719 63743 64751 65486 65497 65516 65524 65528 
4863 7967 8177 12063 12079 12273 61938 62194 65313 65314 6655 8143 8188 12239 12278 12284 12799 40751 49919 53023 53233 61759 61945 62015 62063 62201 62239 63007 63023 63217 64754 65299 65302 65324 65425 65426 15615 26367 40950 51711 53199 53244 57855 61935 62175 62415 63183 63228 63855 64575 64761 64799 64815 65009 65309 65436 65475 65478 20479 28159 60671 62719 63967 64751 64975 65020 65359 65423 65485 65524 
12063 12079 12273 12274 61983 61999 62193 62194 5887 7999 8179 8182 9215 12239 12284 13055 25087 40735 40751 40945 40946 61759 61807 61939 62159 62204 63775 63791 63985 63986 65302 65318 65377 65378 7679 8175 8189 12031 14847 27903 37887 40911 40956 50943 53055 53235 53238 53759 58111 61919 61950 63951 63996 64575 64623 64755 65309 65325 65388 65478 65489 65490 20479 52735 53231 53245 56575 62719 64735 64766 65423 65485 65500 65528 
4863 7983 8177 8959 12063 12274 61743 61937 61983 62193 62194 65313 6655 8095 8182 8188 10751 12143 12239 12281 12799 25087 40735 40946 49919 53039 53233 61855 61948 62063 62159 62204 63775 63986 64559 64753 65302 65324 65378 65425 15615 27903 40911 51711 53151 53238 53244 53759 63951 64671 64764 65309 65436 65478 65490 20479 36863 56575 65485 65528 
4863 7983 8177 8178 8959 12063 61743 61937 61938 61983 62193 65313 6655 8095 8188 10751 12239 12278 28657 40735 49919 53039 53233 53234 61855 61948 62159 62204 63775 64559 64753 64754 65302 65324 65330 65378 65425 12285 28668 40911 51711 53151 53244 63087 63222 63951 64671 64764 65309 65436 65478 65490 20479 36863 63743 65485 65524 65528 
8178 12063 12079 12273 61938 61983 61999 62193 5119 5887 7999 8047 8185 12239 12278 12284 12799 25343 40735 40751 40945 53234 61759 61945 62159 62198 62204 63775 63791 63985 64754 65302 65318 65330 65378 7679 8159 15615 27135 40911 40956 50175 50943 53055 53103 53241 54015 57855 61935 63951 63996 64575 64761 65309 65325 65337 65385 65478 65490 20479 52735 53215 55807 60671 62719 63743 64751 65423 65485 65497 65524 65528 
7967 8178 8703 8959 12274 61727 61938 61999 62193 65298 5119 8143 8185 11519 12095 12143 12281 28463 28657 37375 37631 53023 53234 61807 61903 61945 62111 62198 62204 63007 63218 63791 63985 64543 64754 65305 65315 65329 65377 65474 7935 12255 28575 28668 40191 40815 50175 53199 53241 57135 57329 63183 63996 64623 64719 64761 65326 65340 65382 65388 65481 65489 20479 52991 57340 62719 63743 65500 
4863 8177 8703 8959 12274 61727 61938 61983 62194 65298 65313 65314 6655 7999 8047 8182 8188 11519 12095 12143 12281 16159 16175 28657 37375 40946 49919 53233 61807 61903 61945 62159 62201 62449 64543 64754 65305 65324 65425 65474 8159 12255 16335 28668 40191 51711 53055 53103 53238 53244 61215 61231 62460 63087 64623 64719 64761 65265 65436 65481 20479 53215 61391 62719 65276 65359 65528 
4863 8177 8703 8959 12063 12079 12273 61727 61938 61983 62194 65298 65313 65314 6655 8047 8188 11519 12239 12278 12284 16370 37375 40735 40751 49919 53233 61807 61903 61945 62159 62201 62449 63023 63217 64543 64754 65305 65324 65425 65474 8159 40191 40911 40950 51711 53103 53244 61426 62460 63228 64623 64719 64761 64815 65009 65436 65481 53215 62719 65020 65359 65423 65528 
4863 7967 7983 8177 8178 8703 12079 12273 12274 61727 61743 61937 61938 62193 65298 65313 6655 8143 8188 9983 11519 12191 12284 25343 37375 49919 53023 53039 53233 53234 61903 61948 62063 62204 63007 63023 63218 64543 64559 64753 64754 65305 65318 65324 65425 65474 40191 51711 53199 53244 62175 63183 64719 64764 65436 65481 20479 36863 63743 65423 
7983 8703 12063 61727 61743 61937 61938 61983 61999 62194 65298 65314 5119 5887 8095 8179 9983 11519 12239 12278 13055 16369 16370 28463 37375 40735 53039 61903 61948 62159 62201 64543 64559 64753 64754 65305 65321 65377 65474 7679 8190 12285 16380 40191 40911 40950 50175 50943 53151 53235 58111 61425 61426 64719 64764 65388 65481 65489 36863 40957 52735 53246 61436 65359 65500 65528 
4863 7967 7983 8177 8703 12079 12273 61727 61743 61937 62193 62194 65298 65313 6655 8143 8188 9983 11519 12191 12284 16370 28658 37375 49919 53023 53039 53233 61903 61948 62204 63007 63023 63986 64543 64559 64753 65305 65318 65324 65425 65474 40191 51711 53199 53244 57330 63183 64719 64764 65436 65481 20479 36863 65423 65524 
7983 8178 8703 12079 12273 61727 61743 61937 61983 61999 65298 65314 8095 8185 9983 11519 12191 12284 16159 25343 28658 37375 40945 53039 53234 61903 61948 62159 62195 62198 63217 64543 64559 64753 65305 65321 65329 65474 16335 38655 40191 40956 53151 53241 54015 61215 62205 63228 63990 64719 64764 65340 65481 65505 20479 36863 61391 63743 65359 65423 65516 65524 65528 
7967 8703 8959 61727 61999 62193 62194 65298 8047 8143 8179 11519 12095 16369 16370 28463 28658 37375 37631 53023 61903 62111 62204 63007 63791 63985 63986 64543 65305 65315 65329 65474 8190 12271 16380 28575 28665 40191 53103 53199 53235 57135 57330 61425 63183 63996 64719 65326 65340 65481 65505 20479 53246 57337 61436 62719 65516 65524 
4863 8177 8178 8703 8959 61727 61983 65298 65313 65314 6655 7999 8188 11519 12095 16159 16175 28658 37375 49919 53233 53234 61903 62063 62159 64543 65305 65324 65425 65474 8175 12271 16335 28665 40191 51711 53055 53244 61215 61231 63855 64719 65436 65481 20479 53231 61391 62719 63743 65359 65524 65528 
4863 8177 8178 8703 8959 12063 12079 12273 12274 61727 61983 65298 65313 65314 6655 8188 11519 12239 12284 37375 40735 40751 49919 53233 53234 61903 62063 62159 63023 63217 63218 64543 65305 65324 65425 65474 40191 40911 51711 53244 62451 62454 63228 63855 64719 64815 65009 65010 65436 65481 62461 62719 63743 65020 65359 65423 65524 65528 
7967 8178 8703 8959 12063 12079 12273 61727 61938 61999 62193 65298 5119 5887 8143 8185 11519 12239 12278 12284 37375 37631 40751 40945 53023 53234 61807 61903 61945 62111 62198 62204 63791 63985 64543 64754 65305 65318 65377 65474 7679 40191 40956 50175 50943 53199 53241 63996 64623 64719 64761 65325 65388 65481 65489 52735 62719 63743 65423 65500 
4863 7967 7983 8177 8178 8703 12063 61727 61743 61937 61938 62193 65298 65313 6655 8143 8188 9983 11519 12239 12278 25343 37375 49919 53023 53039 53233 53234 61903 61948 62063 62204 64543 64559 64753 64754 65305 65324 65425 65474 12285 28527 28659 40191 51711 53199 53244 62175 63039 63222 64719 64764 65436 65481 36863 63743 
4863 7967 7983 8177 8703 12063 12274 61727 61743 61937 62193 62194 65298 65313 6655 8143 8182 8188 9983 11519 12143 12239 12281 28657 37375 40946 49919 53023 53039 53233 61903 61948 62204 63986 64543 64559 64753 65305 65324 65425 65474 28668 40191 51711 53199 53238 53244 63039 63087 64719 64764 65382 65436 65481 36863 63199 65524 
7967 8703 8959 12063 12079 12273 12274 61727 61999 62193 62194 65298 5887 8047 8143 8182 11519 12239 12284 37375 37631 40751 40945 40946 53023 61903 62111 62204 63791 63985 63986 64543 65305 65318 65474 7679 8189 40191 40956 50943 53103 53199 53238 63996 64719 65325 65379 65481 52735 53245 62719 65423 65524 
7967 7983 8178 8703 8959 12079 12274 61727 61743 61938 62193 65298 5887 8143 8185 11519 12191 12281 28657 37375 37631 53023 53039 53234 61903 61945 62063 62204 63023 63218 63985 64543 64559 64754 65305 65329 65377 65474 7679 28668 40191 50943 53199 53241 57329 62175 63135 63996 64719 64761 65340 65388 65481 65489 20479 36863 52735 57340 62719 63743 65359 65500 
4863 7983 8177 8703 8959 12079 12274 61727 61743 61938 61983 61999 62194 65298 65313 65314 6655 8095 8188 11519 12191 12281 28657 37375 40946 49919 53039 53233 61903 61945 62159 62201 62449 64543 64559 64754 65305 65324 65425 65474 28668 40191 51711 53151 53244 62460 64719 64761 65265 65436 65481 20479 36863 62719 65276 65528 
4863 7983 8177 8703 8959 12063 12273 61727 61743 61938 61983 61999 62194 65298 65313 65314 6655 8095 8182 8188 11519 12239 12284 16370 28463 37375 40735 49919 53039 53233 61903 61945 62159 62201 62449 63217 64543 64559 64754 65305 65324 65425 65474 28662 40191 40911 51711 53151 53238 53244 61426 62460 63228 64719 64761 65009 65436 65481 36863 62719 65020 65423 65528 
4863 7967 8177 8178 8703 12273 12274 61727 61937 61938 61999 62193 65298 65313 6655 8143 8188 11519 12143 12284 16175 25343 28463 37375 49919 53023 53233 53234 61807 61903 61948 62111 62198 62204 63218 63791 64543 64753 64754 65305 65318 65324 65425 65474 12255 28575 40191 40815 51711 53199 53244 57135 64623 64719 64764 65436 65481 20479 63743 65359 65423 
4863 7967 8177 8703 12273 61727 61937 61999 62193 62194 65298 65313 6655 8047 8143 8182 8188 11519 12278 12284 16175 16370 28463 28658 37375 49919 53023 53233 61903 61942 61948 62111 62204 63791 63986 64543 64753 65305 65318 65324 65425 65474 26367 28575 40191 51711 53103 53199 53238 53244 57135 57330 64719 64758 64764 65436 65481 20479 65359 65423 65524 
8178 8703 12273 61727 61937 61983 65298 65314 5119 5887 8185 11519 12278 12284 13055 25343 28658 37375 40945 53234 61903 61942 61948 62063 62159 62195 62255 63217 64543 64753 65305 65321 65329 65474 7679 40191 40956 50175 50943 53241 54015 62206 63222 63228 63855 64719 64758 64764 65071 65340 65481 65505 20479 52735 63743 65423 65516 65524 65528 
8178 8703 12063 12079 12274 61727 61937 61983 65298 65314 5119 7999 8185 11519 12239 12281 13055 25343 28657 37375 40735 40751 53234 61903 61942 61948 62063 62159 62195 62255 63023 63218 64543 64753 65305 65321 65474 7935 8175 28668 40191 40911 50175 53055 53241 54015 57329 62206 63225 63855 64719 64758 64764 64815 65010 65481 52991 53231 57340 63743 65524 65528 
7967 7983 8703 8959 12079 61727 61743 62193 62194 65298 5119 5887 8143 8179 8182 11519 12191 12278 16369 16370 28658 37375 37631 53023 53039 61903 61942 62204 63023 63985 63986 64543 64559 65305 65329 65474 7679 8189 12285 16380 28665 40191 50175 50943 53199 53235 53238 57330 61425 61949 63135 63996 64719 64758 65340 65382 65481 65505 20479 36863 52735 53245 57337 61436 62719 64765 65359 65389 65516 65524 
4863 7983 8177 8178 8703 8959 12079 61727 61743 61983 61999 65298 65313 65314 6655 8095 8188 11519 12191 12278 28658 37375 49919 53039 53233 53234 61903 61942 62159 62198 64543 64559 65305 65324 65425 65474 12285 28665 40191 51711 53151 53244 61949 62205 62451 63219 64719 64758 65436 65481 20479 36863 62719 63743 64765 65011 65524 65528 
4863 7983 8177 8178 8703 8959 12063 12273 12274 61727 61743 61983 61999 65298 65313 65314 6655 8095 8188 11519 12143 12239 12284 28463 37375 40735 49919 53039 53233 53234 61903 61942 62159 62198 63217 63218 64543 64559 65305 65324 65425 65474 40191 40911 51711 53151 53244 61949 62205 63228 64719 64758 65009 65010 65436 65481 36863 62719 63743 64765 65020 65423 65524 65528 
7967 7983 8178 8703 8959 12063 12273 61727 61743 61938 62193 65298 8143 8185 11519 12239 12284 37375 37631 40945 53023 53039 53234 61903 61945 62063 62204 63007 63985 64543 64559 64754 65305 65315 65318 65377 65474 28527 28662 40191 40956 53199 53241 62175 63183 63996 64719 64761 65325 65388 65481 65489 36863 62719 63743 65359 65423 65500 
4863 7967 8177 8178 8703 12063 12079 61727 61937 61938 61999 62193 65298 65313 6655 8143 8188 11519 12239 25343 37375 40751 49919 53023 53233 53234 61807 61903 61948 62111 62198 62204 63007 63791 64543 64753 64754 65305 65324 65425 65474 28659 28662 40191 51711 53199 53244 63183 64623 64719 64764 65382 65436 65481 28669 63743 65359 
4863 7967 8177 8703 12063 12079 12274 61727 61937 61999 62193 62194 65298 65313 6655 8047 8143 8188 11519 12239 12281 28657 37375 40751 40946 49919 53023 53233 61903 61942 61948 62111 62204 63007 63791 63986 64543 64753 65305 65324 65425 65474 28668 40191 51711 53103 53199 53244 63183 64719 64758 64764 65436 65481 65359 65524 
7967 7983 8703 8959 12063 12273 12274 61727 61743 62193 62194 65298 5119 8143 11519 12143 12239 12284 37375 37631 40945 40946 53023 53039 61903 61942 62204 63007 63985 63986 64543 64559 65305 65315 65318 65474 7935 40191 40956 50175 53199 61949 63183 63996 64719 64758 65325 65481 36863 52991 62719 64765 65359 65423 65524 
7983 12079 61743 61983 62193 62194 5119 5887 8095 8182 9215 9983 12191 12278 12799 16159 25087 28447 28657 28658 53039 61855 61939 61942 62063 62159 62204 63023 63775 63985 63986 64559 65299 65302 65329 65330 65377 65378 7679 8189 11775 12285 15615 16335 27903 28623 28668 50175 50943 53151 53238 53759 57119 57329 57330 61949 63951 63996 64671 64755 64758 65309 65340 65388 65475 65478 65489 65490 36863 52735 53245 56575 57295 57340 62719 64765 65359 65485 65500 65528 
4863 7967 7983 8177 8178 12079 61743 61999 65313 65314 6655 8143 8188 9215 9983 12191 12278 12799 25087 25343 28447 28657 28658 49919 53023 53039 53233 53234 61855 61939 61942 62111 62195 62198 62449 62450 63007 64559 65302 65324 65425 65426 11775 12285 15615 27903 28623 28668 51711 53199 53244 53759 61949 62205 62460 63183 64671 64755 64758 64799 65265 65266 65309 65436 65478 36863 56575 62719 63743 64765 64975 65276 65485 
4863 7967 7983 8177 8178 12063 12273 12274 61743 61999 65313 65314 6655 8143 8188 9983 12143 12239 12284 12799 25087 25343 28463 49919 53023 53039 53233 53234 61855 61939 61942 62111 62195 62198 62449 62450 63217 63218 64559 65299 65324 65425 65426 11775 15615 27903 51711 53199 53244 53759 61949 62205 62460 63228 64671 64755 64758 65009 65010 65310 65436 65475 20479 36863 56575 62719 63743 64765 65020 65423 65486 
4863 8177 8959 12273 61937 61983 61999 62193 62194 65313 6655 7999 8182 8188 10751 12095 12278 12284 16159 16175 25087 28447 28463 28658 49919 53233 61807 61942 61948 62159 62204 63775 63791 63986 64753 65299 65302 65318 65324 65330 65378 65425 8175 12271 16335 27903 28623 51711 53055 53238 53244 53759 57119 57135 57330 61919 63951 64623 64758 64764 65309 65436 65475 65478 65490 53231 56575 57295 64735 65359 65423 65485 65528 
7967 8178 8959 12273 61937 65314 5119 5887 8047 8143 8185 10751 12095 12278 12284 25087 28447 28658 37631 40945 53023 53234 61807 61942 61948 62015 62255 62450 63007 63217 64753 65302 65321 65329 65377 65426 7679 12271 27903 28527 28623 39423 40956 50175 50943 53103 53199 53241 53759 61919 62191 62367 63183 63222 63228 63807 64623 64758 64764 64799 65071 65266 65309 65340 65388 65433 65478 65489 52735 56575 63743 64735 64975 65423 65485 65500 
7967 8178 8959 12063 12079 12274 61937 65314 5119 8047 8143 8185 10751 12239 12281 16369 25087 37631 40751 53023 53234 61807 61942 61948 62015 62255 62450 63023 63218 64753 65299 65321 65377 65426 7935 16380 27903 39423 50175 53103 53199 53241 53759 61425 61919 62191 62367 63135 63225 63807 64623 64758 64764 64815 65010 65310 65388 65433 65475 65489 20479 52991 56575 61436 63743 64735 64927 65486 65500 
4863 8177 8178 8959 12273 12274 61937 61938 61983 61999 62193 65313 6655 7999 8047 8188 10751 12095 12143 12284 12799 16159 16175 28447 28463 49919 53233 53234 61948 62159 62198 62204 63218 63775 63791 64753 64754 65299 65302 65318 65324 65378 65425 8159 12255 15615 16335 28623 51711 53055 53103 53244 57119 57135 57855 63951 64764 65309 65436 65475 65478 65490 53215 57295 60671 63743 65359 65423 65485 65524 65528 
7967 8959 12063 12079 61937 61938 62194 65314 8143 8182 10751 12239 12799 28657 37631 40751 53023 61948 62015 62063 62201 62255 63023 64753 64754 65299 65321 65426 8189 15615 28668 39423 53199 53238 57329 57855 62175 62367 63135 63807 63855 64764 64815 65310 65433 65475 20479 53245 57340 60671 63967 64927 65486 65524 
7983 8178 12079 12274 61743 61938 61983 62193 5887 8095 8185 9983 12191 12281 13055 16159 16369 25343 28447 53039 53234 61855 61945 62159 62204 63023 63218 63775 63985 64559 64754 65299 65302 65329 65378 7679 11775 14847 16335 16380 27135 28623 50943 53151 53241 54015 57119 61425 63951 63996 64671 64761 65309 65340 65385 65475 65478 65490 65505 36863 52735 55807 57295 61436 62719 63743 65359 65485 65497 65516 65524 65528 
4863 7967 7983 8177 12063 12273 61743 61938 61999 62194 65313 65314 6655 8143 8182 8188 9215 9983 12239 12284 28463 49919 53023 53039 53233 61855 61945 62111 62201 63217 64559 64754 65299 65324 65425 65426 11775 51711 53199 53238 53244 63228 64671 64761 65009 65310 65436 65475 20479 36863 62719 65020 65423 65486 65524 
7983 12063 12273 12274 61743 61983 62193 62194 5119 8095 8179 9983 12143 12239 12284 12799 25087 40735 40945 40946 53039 61855 61939 61942 62063 62159 62204 63775 63985 63986 64559 65315 65318 65377 65378 7935 8190 11775 15615 27903 38655 40911 40956 50175 53151 53235 53759 61949 63951 63996 64671 64755 64758 65325 65388 65427 65430 65489 65490 20479 36863 40447 52991 53246 56575 62719 64765 65359 65423 65437 65500 65528 
4863 8177 8959 12063 12079 12274 61937 61983 61999 62193 62194 65313 6655 8188 10751 12239 12281 25087 40735 40751 40946 49919 53233 61807 61942 61948 62159 62204 63775 63791 63986 64753 65324 65378 65425 27903 40911 51711 53244 53759 61919 63951 64623 64758 64764 65334 65436 65490 20479 56575 64735 65359 65528 
4863 8177 8178 8959 12063 12079 61937 61938 61983 61999 62193 65313 6655 8047 8188 10751 12239 12799 28657 40735 40751 49919 53233 53234 61948 62159 62198 62204 63775 63791 64753 64754 65324 65330 65378 65425 8159 15615 28668 40911 51711 53103 53244 57855 63951 64764 65436 65490 20479 53215 60671 63743 65359 65524 65528 
7983 8178 12063 12273 61743 61938 61983 62193 8095 8185 9215 9983 12239 12284 13055 25343 40735 40945 53039 53234 61855 61945 62159 62204 63775 63985 64559 64754 65315 65318 65330 65378 11775 14847 27135 37887 38655 40911 40956 53151 53241 54015 63951 63996 64671 64761 65325 65337 65385 65427 65430 65490 20479 36863 40447 55807 62719 63743 65359 65423 65437 65497 65524 65528 
12063 12079 12273 12274 5887 7999 8179 8182 9215 12239 12284 40735 40751 40945 40946 63007 63023 63217 63218 65299 65302 65315 65318 65329 65330 7679 8175 8189 12031 26367 37887 40911 40956 50943 53055 53235 53238 62271 62451 62454 63183 63228 64799 64815 65009 65010 65309 65325 65340 65475 65478 65505 65506 20479 28159 52735 53231 53245 62447 62461 64975 65020 65423 65485 65516 
4863 7967 8177 8178 12063 12079 12273 12274 61983 61999 62193 62194 65313 65314 6655 8047 8143 8188 9215 12239 12284 25343 40751 49919 53023 53233 53234 62159 62204 63775 63791 63985 63986 65302 65324 65425 65426 12031 27135 51711 53103 53199 53244 63951 63996 65309 65436 65478 20479 61951 63743 65359 65423 65485 65528 
4863 7967 8177 8178 61983 61999 62193 62194 65313 65314 6655 8047 8143 8188 16175 25343 28463 49919 53023 53233 53234 62159 62204 63775 63791 63985 63986 65299 65324 65425 65426 27135 28575 28659 51711 53103 53199 53244 57135 63951 63996 65310 65436 65475 28670 61951 63743 65359 65486 65528 
