2 32 512 112 7 8192 28672 1792 8738 30583 
51200 50432 49664 49280 49232 49184 43008 42240 41472 41088 41040 40992 38912 38144 37376 36992 36944 36896 35840 35328 35072 34560 32960 32928 32912 32880 30720 29952 29184 28800 28752 28704 23552 23040 22784 22272 20672 20640 20624 20592 11264 10752 10496 9984 8384 8352 8336 8304 3200 3152 3104 2688 2640 2592 2432 2384 2336 2240 2208 2192 2160 1920 1872 1824 1472 1440 1424 1392 704 672 656 624 
51200 50432 49664 49160 49157 49154 43008 42240 41472 40968 40965 40962 38912 38144 37376 36872 36869 36866 35840 35328 35072 34560 32780 32778 32777 32775 30720 29952 29184 28680 28677 28674 23552 23040 22784 22272 20492 20490 20489 20487 11264 10752 10496 9984 8204 8202 8201 8199 3080 3077 3074 2568 2565 2562 2312 2309 2306 2060 2058 2057 2055 1800 1797 1794 1292 1290 1289 1287 524 522 521 519 
49280 49232 49184 49160 49157 49154 41088 41040 40992 40968 40965 40962 36992 36944 36896 36872 36869 36866 32960 32928 32912 32880 32780 32778 32777 32775 28800 28752 28704 28680 28677 28674 20672 20640 20624 20592 20492 20490 20489 20487 8384 8352 8336 8304 8204 8202 8201 8199 200 197 194 168 165 162 152 149 146 140 138 137 135 120 117 114 92 90 89 87 44 42 41 39 
59392 58624 57856 57352 57349 57346 47104 46336 45568 45064 45061 45058 36352 35584 32782 32779 24064 23296 20494 20491 11776 11008 8206 8203 3592 3589 3586 2824 2821 2818 2062 2059 1294 1291 526 523 
59392 58624 57856 57472 57424 57376 47104 46336 45568 45184 45136 45088 36352 35584 32992 32944 24064 23296 20704 20656 11776 11008 8416 8368 3712 3664 3616 2944 2896 2848 2272 2224 1504 1456 736 688 
3200 3152 3104 3080 3077 3074 2688 2640 2592 2568 2565 2562 2432 2384 2336 2312 2309 2306 2240 2208 2192 2160 2060 2058 2057 2055 1920 1872 1824 1800 1797 1794 1472 1440 1424 1392 1292 1290 1289 1287 704 672 656 624 524 522 521 519 200 197 194 168 165 162 152 149 146 140 138 137 135 120 117 114 92 90 89 87 44 42 41 39 
3712 3664 3616 3592 3589 3586 2944 2896 2848 2824 2821 2818 2272 2224 2062 2059 1504 1456 1294 1291 736 688 526 523 232 229 226 184 181 178 142 139 94 91 46 43 
57472 57424 57376 57352 57349 57346 45184 45136 45088 45064 45061 45058 32992 32944 32782 32779 20704 20656 20494 20491 8416 8368 8206 8203 232 229 226 184 181 178 142 139 94 91 46 43 
49152 40960 36864 28672 3072 2560 2304 1792 192 160 144 112 12 10 9 7 
57344 45056 20480 3584 2816 1280 224 176 80 14 11 5 
