1 4 32 66 194 112 12 129 6 193 128 98 33 78 82 34 85 68 72 136 192 160 7 25 22 196 38 75 42 52 50 56 73 69 76 74 81 134 137 138 140 161 152 168 51 224 15 30 45 39 46 43 77 90 99 101 102 106 105 135 141 153 149 150 169 166 170 180 178 197 195 202 209 204 212 210 228 226 31 240 62 91 94 107 109 110 93 122 143 124 167 158 173 174 171 179 199 203 205 227 233 234 230 229 63 111 123 159 190 187 221 231 237 243 252 239 191 127 255 
249 247 238 237 235 222 159 127 
253 251 247 239 191 
252 251 247 238 221 207 173 159 127 
252 250 246 243 238 229 223 191 127 
252 249 246 245 235 231 222 221 219 215 191 127 
254 249 239 223 191 117 115 
251 245 239 223 189 183 126 125 
250 247 237 223 189 175 127 
252 250 245 243 238 237 235 231 222 217 207 190 187 175 159 127 
253 251 239 222 190 127 
250 249 245 243 238 235 231 223 189 175 126 111 63 
251 247 223 191 111 
252 251 246 237 222 221 207 181 174 126 117 63 
252 251 246 245 239 191 127 
254 253 223 187 183 123 119 111 
253 242 239 222 219 215 191 126 123 119 95 
254 253 247 223 175 123 
246 245 237 235 231 223 191 126 119 
251 246 239 222 213 191 125 119 
253 250 247 222 219 207 191 123 110 
253 251 247 239 190 159 94 
252 251 247 223 189 175 127 
252 250 249 247 207 190 187 175 157 111 95 
254 243 233 231 223 185 175 125 119 111 63 
254 253 235 231 219 215 191 123 111 
250 249 246 243 238 237 221 219 215 207 191 119 111 94 
251 247 237 222 221 190 175 126 111 95 63 
253 250 243 238 231 222 215 207 187 183 175 159 123 118 95 63 
247 239 223 190 189 125 63 
254 249 245 239 189 187 183 119 95 
254 249 243 239 213 189 183 159 127 
254 251 237 231 223 181 175 125 119 111 
251 247 239 191 127 
249 247 238 223 191 127 
253 247 238 222 203 190 159 123 111 63 
253 250 247 235 207 187 175 158 127 
254 251 239 223 191 
252 249 242 237 234 230 223 190 189 187 167 127 
253 250 246 243 238 235 219 207 191 127 
252 251 245 239 221 215 190 183 159 127 
251 239 222 221 215 188 183 125 63 
252 251 246 245 238 237 231 223 189 175 111 62 
254 247 237 217 203 189 159 127 
253 251 238 222 191 127 
254 247 239 189 155 121 91 59 31 
253 246 239 211 190 187 127 
253 250 246 243 238 235 223 191 126 123 119 
254 249 247 223 187 173 125 63 
252 250 249 246 245 243 239 223 189 187 183 125 63 
251 246 245 238 231 221 190 175 159 127 
253 251 238 223 191 119 
249 246 239 223 190 189 183 127 
253 235 230 218 215 206 190 183 143 127 
254 249 247 237 235 221 219 191 125 
251 238 237 223 191 127 
252 251 245 231 223 191 119 
253 246 239 223 179 123 55 
253 251 246 238 231 215 183 175 159 126 95 
252 250 249 243 239 221 219 214 191 126 125 119 
252 247 238 235 223 190 189 187 126 63 
251 247 239 221 188 159 127 
254 249 245 235 215 189 179 155 143 125 119 95 
254 251 239 223 183 119 61 
254 253 243 223 191 123 103 
253 251 247 191 126 
251 247 238 237 223 190 189 
250 249 247 239 220 190 157 126 125 95 59 
254 243 239 223 187 183 121 119 63 
254 245 239 223 185 183 127 
250 247 236 235 222 221 219 207 191 127 
252 247 238 237 221 219 191 107 95 
253 247 238 223 187 127 
254 251 245 239 215 191 95 
253 250 247 235 223 190 175 126 123 
254 253 211 199 183 155 127 
254 253 243 235 231 207 187 183 175 159 123 119 63 
252 251 247 237 206 191 127 
251 247 238 222 207 191 126 95 
254 245 237 235 223 187 167 127 
254 245 243 239 221 219 215 191 121 95 
254 251 245 223 167 127 
254 241 233 231 221 219 191 127 
254 253 251 239 215 159 119 
253 251 247 222 175 127 
253 251 247 238 207 190 159 126 111 
247 239 221 219 191 126 125 95 
254 245 243 237 235 221 219 207 191 125 111 95 
254 251 237 231 207 191 127 
253 246 231 222 219 191 123 119 111 95 
254 251 245 205 199 191 125 111 95 
251 246 236 223 190 189 167 127 
254 247 235 207 189 187 175 125 111 91 31 
252 246 239 218 215 187 183 126 125 
253 251 231 207 191 126 119 111 95 
250 246 245 243 239 222 217 215 190 183 159 127 
254 249 247 239 223 63 
253 251 239 214 182 159 118 95 62 55 
253 242 235 223 187 183 126 123 111 
253 250 243 238 231 223 190 183 175 127 
251 245 237 231 220 215 207 191 127 
252 245 239 223 191 125 119 
253 251 246 223 183 174 111 63 
253 250 246 243 239 222 159 126 123 95 63 
252 251 238 229 222 215 205 191 126 119 111 93 
254 251 247 237 223 125 
249 245 242 239 222 221 219 191 127 
254 251 247 207 191 125 
254 249 243 237 231 215 207 189 187 175 159 127 
254 251 231 221 215 189 175 159 127 
254 253 239 219 191 123 87 
254 249 237 231 223 191 125 115 107 
253 250 247 239 158 127 
253 251 247 223 190 175 110 63 
254 253 251 231 183 175 159 119 
254 251 231 223 191 125 
250 243 239 223 191 127 
254 251 247 237 221 189 175 125 111 63 
254 253 243 239 215 159 123 119 63 
254 253 239 223 123 119 
