4 64 8 128 1024 2048 16384 32768 12 68 72 132 136 192 1028 1032 1088 1152 2052 2056 2112 2176 3072 16388 16392 16448 16512 17408 18432 32772 32776 32896 32832 33792 34816 49152 76 140 196 200 1036 1092 1096 1156 1160 1216 2060 2116 2120 2180 2184 2240 3076 3080 3136 3200 16396 16452 16456 16516 16520 16576 17412 17416 17472 17536 18436 18440 18496 18560 19456 32780 32836 32840 32900 32904 32960 33796 33800 33856 33920 34820 34824 34880 34944 35840 49156 49160 49216 49280 50176 51200 204 1100 1164 1220 1224 2124 2188 2244 2248 3084 3140 3144 3204 3208 3264 16460 16524 16580 16584 17420 17476 17480 17540 17544 17600 18444 18500 18504 18564 18568 18624 19460 19464 19520 19584 32844 32908 32964 32968 33804 33860 33864 33924 33928 33984 34828 34884 34888 34948 34952 35008 35844 35848 35968 35904 49164 49220 49224 49284 49288 49344 50180 50184 50240 50304 51204 51208 51264 51328 52224 1228 2252 3148 3212 3268 3272 16588 17484 17548 17604 17608 18508 18572 18628 18632 19468 19524 19528 19588 19592 19648 32972 33868 33932 33988 33992 34892 34956 35012 35016 35852 35908 35912 35976 35972 36032 49228 49292 49348 49352 50188 50244 50248 50308 50312 50368 51212 51268 51272 51332 51336 51392 52228 52232 52288 52352 3276 17612 18636 19532 19596 19652 19656 33996 35020 35916 35980 36036 36040 49356 50252 50316 50372 50376 51276 51340 51396 51400 52236 52292 52296 52356 52360 52416 19660 36044 50380 51404 52300 52364 52420 52424 52428 
59392 58880 57536 57440 57360 57358 57347 52224 49408 49376 49296 49264 38912 38400 37056 36960 36880 36878 36867 30720 30208 28864 28768 28688 28686 28675 7168 4352 4320 4240 4208 3264 3168 3088 3086 3075 2272 2192 2160 1760 1680 1648 1544 1542 448 352 272 270 259 238 227 158 147 126 115 11 7 
52224 49408 49376 49200 49164 49158 49153 36352 35072 34560 32782 32777 32775 28160 26880 26368 24704 24672 24590 24585 24583 7168 4352 4320 4144 4108 4102 4097 3808 3632 3596 3590 3585 3086 3081 3079 2528 2352 2316 2310 2305 2016 1840 1804 1798 1793 270 265 263 238 233 231 176 112 62 57 55 
60928 59648 59136 57568 57392 57356 57345 53248 49296 49264 49158 45056 40448 39168 38656 37008 36976 36876 36870 36865 32256 30976 30464 28816 28784 28684 28678 28673 12512 3808 3728 3696 3592 3590 3084 3073 2528 2448 2416 2312 2310 2016 1936 1904 1800 1798 268 257 236 230 225 208 176 156 145 124 113 54 
60928 59648 59136 57472 57440 57358 57353 57351 49344 49168 40448 39168 38656 36992 36960 36878 36873 36871 32256 30976 30464 28800 28768 28686 28681 28679 4288 4112 3776 3600 3598 3587 3328 3168 3081 3079 2816 2496 2400 2320 2313 2311 1984 1888 1808 1801 1799 782 206 201 199 110 99 30 25 23 13 11 
60928 58112 57536 57360 57352 57350 49376 49296 49264 49164 49153 40448 37632 37056 36880 36872 36870 32256 29440 28864 28688 28680 28678 24800 24720 24688 24588 24577 4320 4240 4208 4108 4097 3808 3728 3696 3596 3585 2816 2054 1792 1542 992 912 880 780 769 232 230 204 193 152 150 120 118 28 17 
60416 58880 57600 57568 57392 57358 57353 57351 53248 45056 39936 37120 37056 37008 36976 36878 36873 36871 31744 28928 28864 28816 28784 28686 28681 28679 13824 12512 3296 3216 3184 3084 3073 2062 2057 2055 1728 1680 1648 1550 1545 1543 480 400 368 268 257 238 233 231 208 176 158 153 151 126 121 119 
60928 59648 59136 57536 57360 57358 57353 57351 45056 32864 28672 24672 15872 14592 14080 12480 12304 12302 12297 12295 3712 3680 3596 3585 3264 3088 3086 3081 3079 2432 2400 2316 2305 1920 1888 1804 1793 1728 1552 1550 1545 1543 448 272 270 265 263 204 193 142 137 135 110 105 103 28 17 
52736 51456 50944 49344 49168 49166 49161 49159 32992 32912 32880 28160 25344 24800 24720 24688 24588 24585 24583 7680 6400 5888 4288 4112 4110 4105 4103 3808 3728 3696 3598 3587 3328 2816 2528 2448 2416 2316 2313 2311 2016 1936 1904 1804 1801 1799 782 238 233 231 158 153 151 126 121 119 13 11 
60928 59648 59136 57568 57392 57358 57347 53248 45056 40448 39168 38656 37056 37008 36976 36878 36867 32256 30976 30464 28864 28816 28784 28686 28675 12512 3808 3728 3696 3592 3590 3086 3075 2528 2448 2416 2312 2310 2016 1936 1904 1800 1798 270 259 238 227 208 176 158 147 126 115 11 7 
59392 58880 57536 57440 57360 57358 57347 49296 49264 38912 38400 37056 36960 36880 36878 36867 36352 35072 34560 32777 32775 30720 30208 28864 28768 28688 28686 28675 28160 26880 26368 24585 24583 4240 4208 3808 3632 3596 3590 3585 3081 3079 2528 2352 2316 2310 2305 2192 2160 2016 1840 1804 1798 1793 1680 1648 265 263 233 231 176 158 147 126 115 57 55 11 
60928 59648 59136 57568 57392 57356 57345 53248 49296 49264 45056 40448 39168 38656 37008 36976 36876 36870 36865 32782 32777 32775 32256 30976 30464 28816 28784 28684 28678 28673 24590 24585 24583 12512 3728 3696 3596 3585 3296 3086 3081 3079 2448 2416 2316 2305 1936 1904 1804 1793 480 270 265 263 238 233 231 208 156 145 124 113 62 57 55 
60928 59648 59136 57536 57360 57353 57351 49376 49296 49264 49166 40448 39168 38656 37056 36880 36873 36871 32256 30976 30464 28864 28688 28681 28679 4320 4240 4208 4110 3776 3600 3598 3587 3328 3081 3079 2816 2496 2400 2320 2313 2311 2272 2192 2160 1984 1888 1808 1801 1799 1760 1680 1648 782 238 227 201 199 158 147 126 115 25 23 13 
57568 57392 57358 57353 57351 53248 51456 50944 49296 49264 45056 39936 37120 37008 36976 36878 36873 36871 31744 28928 28816 28784 28686 28681 28679 12512 6400 5888 3808 3728 3696 3598 3587 3328 3081 3079 2816 2528 2448 2416 2313 2311 2016 1936 1904 1801 1799 782 236 230 225 208 206 201 199 176 156 145 124 113 110 99 54 30 25 23 13 11 
60928 59648 59136 57472 57440 57358 57353 57351 49376 49200 40448 39168 38656 36992 36960 36878 36873 36871 32256 30976 30464 28800 28768 28686 28681 28679 4320 4144 3808 3632 3598 3587 3328 2816 2528 2352 2316 2313 2311 2016 1840 1804 1801 1799 782 238 233 231 176 112 62 57 55 13 11 
60928 58112 57472 57440 57358 57347 40448 37632 36992 36960 36878 36867 32992 32912 32880 32256 29440 28800 28768 28686 28675 24800 24720 24688 3808 3728 3696 3596 3585 3086 3075 2816 1792 992 912 880 780 769 270 259 238 227 158 147 126 115 11 7 
60416 59648 59136 57568 57392 57356 57350 57345 53248 52736 45056 39168 38656 37056 37008 36976 36876 36865 30976 30464 28864 28816 28784 28684 28673 15360 12512 12294 7680 3776 3600 3596 3590 3585 3216 3184 2816 2528 2448 2416 2312 2310 2016 1936 1904 1800 1798 780 769 236 225 208 198 176 156 150 145 124 118 113 
60928 58112 57536 57360 57352 57350 49296 49264 40448 37632 37056 36880 36872 36870 35072 34560 32992 32782 32777 32775 32256 29440 28864 28688 28680 28678 26880 26368 24800 24720 24688 24590 24585 24583 4240 4208 3776 3728 3696 3592 3590 3296 3086 3081 3079 2816 2528 2352 2316 2310 2305 2016 1840 1804 1798 1793 912 880 270 265 263 238 233 231 176 152 150 120 118 62 57 55 
60416 59648 59136 57536 57440 57360 57358 57353 57351 52736 49376 49296 49264 39936 39168 38656 37056 36960 36880 36878 36873 36871 31744 30976 30464 28864 28768 28688 28686 28681 28679 24800 24720 24688 7680 4320 4240 4208 3808 3728 3696 3598 3587 3328 3081 3079 2496 2400 2320 2313 2311 1984 1888 1808 1801 1799 992 912 880 782 232 230 206 201 199 152 150 120 118 110 99 30 25 23 13 11 
60416 57600 57568 57392 57353 57351 53248 50688 49296 49264 49166 45056 39936 38400 37120 37008 36976 36876 36873 36871 31744 30208 28928 28816 28784 28684 28681 28679 12512 4110 3296 3216 3184 3086 3075 2057 2055 1760 1584 1550 1545 1543 480 400 368 270 259 236 233 231 208 206 176 153 151 121 119 60 30 11 
60928 59648 59136 57358 57353 57351 49296 49264 40448 39168 38656 37056 36880 36878 36873 36871 32256 30976 30464 28864 28688 28686 28681 28679 4240 4208 3808 3728 3696 3592 3590 2528 2448 2416 2312 2310 2062 2057 2055 2016 1936 1904 1800 1798 1550 1545 1543 238 233 231 158 153 151 126 121 119 
60416 58880 57600 57568 57392 57358 57353 57351 53248 45056 39936 37120 37056 37008 36976 36878 36873 36871 36352 35072 34560 31744 28928 28864 28816 28784 28686 28681 28679 28160 26880 26368 13824 12512 3808 3632 3596 3590 3585 3216 3184 3086 3081 3079 2528 2352 2316 2310 2305 2016 1840 1804 1798 1793 1680 1648 1550 1545 1543 400 368 270 265 263 236 225 208 206 201 199 158 153 151 126 121 119 
60928 59648 59136 57568 57392 53248 49161 49159 45056 40448 39168 38656 37056 37008 36976 36876 36865 32256 30976 30464 28864 28816 28784 28684 28673 12512 4105 4103 3776 3600 3598 3587 3328 3296 3216 3184 3081 3079 2816 2496 2400 2320 2313 2311 1984 1888 1808 1801 1799 1680 1648 782 480 400 368 238 233 231 208 176 158 153 151 126 121 119 13 11 
60928 58112 57568 57392 57358 57353 57351 53248 49296 49264 45056 40448 37632 37008 36976 36878 36873 36871 32256 29440 28816 28784 28686 28681 28679 12512 3808 3728 3696 3596 3585 2816 2062 2057 2055 1792 1550 1545 1543 992 912 880 780 769 238 233 231 208 176 158 153 151 126 121 119 
60928 59648 59136 57472 57440 57356 57353 57351 49376 49296 49264 49166 45056 38912 38400 37056 36960 36880 36878 36867 30720 30208 28864 28768 28688 28686 28675 15872 14592 14080 12297 12295 4320 4240 4208 3712 3680 3596 3585 3081 3079 2432 2400 2316 2305 2272 2192 2160 2062 1920 1888 1804 1793 1760 1680 1648 1550 1545 1543 265 263 238 227 158 147 137 135 126 115 105 103 11 
60416 57600 57568 57392 57358 57353 57351 53248 52736 51456 50944 49296 49264 40448 39168 38656 37008 36976 36876 36870 36865 32256 30976 30464 28816 28784 28684 28678 28673 12512 12302 12297 12295 3808 3728 3696 3596 3590 3585 3086 3081 3079 2528 2448 2416 2316 2310 2305 2016 1936 1904 1804 1798 1793 1550 1545 1543 270 265 263 236 230 225 208 176 156 145 142 137 135 124 113 110 105 103 54 
60928 59648 59136 57536 57360 57358 57353 57351 49376 49200 45056 28672 15872 14592 14080 12480 12304 12302 12297 12295 4320 4144 3808 3632 3592 3590 2528 2352 2312 2310 2062 2057 2055 2016 1840 1800 1798 1550 1545 1543 238 233 231 176 112 62 57 55 
60416 57600 57536 57440 57360 57356 57345 52736 49920 49161 49159 45056 40448 39168 38656 36992 36960 36878 36873 36871 32256 30976 30464 28800 28768 28686 28681 28679 12480 12304 3776 3680 3600 3598 3587 3328 2816 2496 2320 2316 2313 2311 1984 1808 1804 1801 1799 864 782 206 201 199 108 105 103 30 25 23 13 11 
59648 59136 57358 57353 57351 49376 49296 49264 45056 40448 37632 37056 36880 36872 36870 32256 29440 28864 28688 28680 28678 24800 24720 24688 14592 14080 12302 12297 12295 4320 4240 4208 3808 3728 3696 3086 3081 3079 2816 2432 2400 2316 2305 1920 1888 1804 1793 1550 1545 1543 992 912 880 270 265 263 232 230 152 150 142 137 135 120 118 110 105 103 
60928 59648 59136 57568 57392 57356 57345 53248 39936 37120 37056 37008 36976 36878 36873 36871 31744 28928 28864 28816 28784 28686 28681 28679 15872 14592 14080 12512 3712 3680 3596 3585 3296 3216 3184 3086 3081 3079 2432 2400 2316 2305 1920 1888 1804 1793 1680 1648 480 400 368 270 265 263 238 233 231 208 176 158 153 151 126 121 119 
59392 58880 57536 57440 57360 57358 57347 52736 51456 50944 49376 49296 49264 49161 49159 38912 38400 37056 36960 36880 36878 36867 30720 30208 28864 28768 28688 28686 28675 28160 25344 24800 24720 24688 24585 24583 7680 6400 5888 4320 4240 4208 4105 4103 3808 3728 3696 3598 3587 3328 2816 2528 2448 2416 2316 2313 2311 2016 1936 1904 1804 1801 1799 782 236 233 231 206 156 153 151 124 121 119 30 13 
60928 59648 59136 57568 57392 57356 57345 53248 49296 49264 49166 49161 49159 45056 40448 39168 38656 37008 36976 36876 36870 36865 32256 30976 30464 28816 28784 28684 28678 28673 24585 24583 12512 4110 4105 4103 3598 3587 3328 3216 3184 2816 2496 2320 2316 2313 2311 1984 1808 1804 1801 1799 782 400 368 238 233 231 208 176 158 153 151 126 121 119 13 11 
60928 59648 59136 57472 57440 57358 57353 57351 40448 39168 38656 36992 36960 36878 36873 36871 32992 32912 32880 32256 30976 30464 28800 28768 28686 28681 28679 24800 24720 24688 3808 3728 3696 3081 3079 2528 2448 2416 2316 2305 2016 1936 1904 1804 1793 265 263 238 233 231 158 153 151 126 121 119 
52736 51456 50944 49376 49200 49166 49161 49159 32912 32880 27648 26880 26368 24800 24720 24688 24590 24579 7680 6400 5888 4320 4144 4110 4105 4103 3728 3696 3598 3587 3328 3296 3081 3079 2816 2496 2448 2416 2313 2311 1984 1936 1904 1801 1799 782 480 236 225 206 195 176 158 153 151 126 121 119 13 11 
60928 58112 57536 57360 57352 57350 51456 50944 49376 49296 49264 49166 49161 49159 40448 37632 37056 36880 36872 36870 32256 29440 28864 28688 28680 28678 24585 24583 6400 5888 4320 4240 4208 4110 4105 4103 3776 3600 3598 3587 3328 2528 2448 2416 2316 2313 2311 2016 1936 1904 1804 1801 1799 782 238 233 231 158 153 151 126 121 119 13 11 
60416 58880 57600 57568 57392 57358 57353 57351 53248 52736 51456 50944 45056 39936 37120 37056 37008 36976 36878 36873 36871 31744 28928 28864 28816 28784 28686 28681 28679 28160 25344 13824 12512 7680 6400 5888 3808 3728 3696 3598 3587 3328 2816 2528 2448 2416 2316 2313 2311 2016 1936 1904 1804 1801 1799 782 208 201 199 176 156 145 124 113 25 23 13 11 
60928 59648 59136 57536 57360 57358 57353 57351 45056 32992 32912 32880 28672 24800 24720 24688 15872 14592 14080 12480 12304 12302 12297 12295 3808 3728 3696 3598 3587 3328 3081 3079 2816 2528 2448 2416 2313 2311 2016 1936 1904 1801 1799 782 238 233 231 158 153 151 126 121 119 13 11 
60928 59648 59136 57568 57392 57358 57347 53248 45056 40448 39168 38656 37056 37008 36976 36878 36867 32777 32775 32256 30976 30464 28864 28816 28784 28686 28675 24585 24583 12512 3728 3696 3596 3585 3296 3081 3079 2448 2416 2316 2305 1936 1904 1804 1793 1760 1542 480 265 263 236 233 231 208 158 147 126 115 57 55 11 
59392 58880 57568 57392 57356 57353 57351 53248 52224 51456 50944 49166 45056 39936 38400 37120 37056 37008 36976 36876 36873 36871 31744 30208 28928 28864 28816 28784 28684 28681 28679 12512 6400 5888 4110 3808 3728 3696 3598 3587 3328 3081 3079 2816 2528 2448 2416 2313 2311 2016 1936 1904 1801 1799 782 238 227 208 201 199 176 158 147 126 115 25 23 13 
60928 59648 59136 57536 57360 57353 57351 49296 49264 49166 40448 39168 38656 37056 36880 36873 36871 32256 30976 30464 28864 28688 28681 28679 24672 24590 4240 4208 4110 3808 3632 3598 3587 3328 2816 2528 2352 2316 2313 2311 2192 2160 2016 1840 1804 1801 1799 1680 1648 782 233 231 206 176 158 147 126 115 57 55 13 
57568 57392 57358 57353 57351 53248 52224 51456 50944 49296 49264 45056 39936 37120 37008 36976 36878 36873 36871 36352 31744 28928 28816 28784 28686 28681 28679 28160 26880 26368 12512 6400 5888 3776 3728 3696 3598 3587 3328 3296 2816 2496 2448 2416 2316 2313 2311 1984 1936 1904 1804 1801 1799 782 480 238 233 231 208 156 145 124 113 62 57 55 13 11 
60416 59648 59136 57568 57392 57358 57347 53248 52736 49296 49264 45056 39168 38656 37008 36976 36878 36867 30976 30464 28816 28784 28686 28675 15360 12512 7680 3776 3600 3596 3590 3585 3216 3184 3086 3075 2816 2528 2448 2416 2312 2310 2016 1936 1904 1800 1798 780 769 270 259 238 227 208 176 158 147 126 115 11 7 
60928 58112 57472 57440 57358 57347 49376 49200 40448 37632 36992 36960 36878 36867 35072 34560 32912 32880 32777 32775 32256 29440 28800 28768 28686 28675 26880 26368 24800 24720 24688 24585 24583 4320 4144 3776 3728 3696 3592 3590 3296 3084 3081 3079 2816 2528 2352 2316 2310 2305 2016 1840 1804 1798 1793 912 880 265 263 233 231 204 176 158 147 126 115 57 55 11 
60416 59648 59136 57568 57392 57356 57350 57345 53248 52736 45056 39168 38656 37056 37008 36976 36876 36865 32782 32777 32775 30976 30464 28864 28816 28784 28684 28673 28160 24590 24585 24583 15360 12512 12294 7680 3808 3632 3216 3184 3086 3081 3079 2816 2448 2416 2316 2305 1936 1904 1804 1793 1542 992 270 265 263 238 233 231 208 156 150 145 124 118 113 62 57 55 
60416 59648 59136 57353 57351 52736 49344 49168 49166 39936 39168 38656 36873 36871 32992 32912 32880 31744 30976 30464 28681 28679 24800 24720 24688 24588 7680 4288 4112 4110 3808 3728 3696 3598 3587 3328 3081 3079 2496 2400 2320 2313 2311 1984 1888 1808 1801 1799 992 912 880 782 238 227 201 199 158 147 126 115 25 23 13 
60928 58112 57568 57392 57358 57353 57351 53248 51456 50944 45056 40448 37632 37056 37008 36976 36878 36873 36871 32256 29440 28864 28816 28784 28686 28681 28679 12512 6400 5888 3598 3587 3328 3264 3216 3184 3081 3079 2528 2448 2416 2313 2311 2016 1936 1904 1801 1799 782 236 225 208 206 201 199 176 156 150 145 124 118 113 110 99 30 25 23 13 11 
60416 59648 59136 57536 57440 57360 57358 57353 57351 52736 49296 49264 39936 39168 38656 37056 36960 36880 36878 36873 36871 32992 31744 30976 30464 28864 28768 28688 28686 28681 28679 28160 24800 24720 24688 7680 4240 4208 3728 3696 3598 3587 3328 3296 2528 2352 2316 2313 2311 2016 1840 1804 1801 1799 912 880 782 238 233 231 176 152 150 120 118 62 57 55 13 11 
60928 59648 59136 57536 57440 57360 57356 57353 57351 49376 49200 49166 40448 39168 38656 36992 36960 36873 36871 32256 30976 30464 28800 28768 28681 28679 12480 12304 12300 4320 4144 4110 3808 3728 3696 3592 3590 3086 3075 2528 2448 2416 2312 2310 2057 2055 2016 1936 1904 1800 1798 1550 1545 1543 270 259 233 231 206 156 153 151 124 121 119 30 11 
60416 57600 57568 57392 57353 57351 53248 50688 49296 49264 49166 45056 39936 38400 37120 37008 36976 36876 36873 36871 36352 35072 34560 31744 30208 28928 28816 28784 28684 28681 28679 28160 26880 26368 24590 12512 4110 3808 3632 3596 3590 3585 3216 3184 3081 3079 2528 2352 2316 2310 2305 2062 2016 1840 1804 1798 1793 1550 1545 1543 400 368 265 263 238 227 208 201 199 153 151 121 119 62 11 
60928 59648 59136 57358 57353 57351 49376 49296 49264 40448 39168 38656 37056 36880 36878 36873 36871 32256 30976 30464 28864 28688 28686 28681 28679 24672 4320 4240 4208 3728 3696 3596 3585 3264 3086 3081 3079 2448 2416 2316 2305 1936 1904 1804 1793 1728 1550 1545 1543 448 270 265 263 232 230 206 201 199 176 158 153 151 126 121 119 
60928 59648 59136 57568 57392 57358 57347 53248 49296 49264 49161 49159 45056 40448 39168 38656 37008 36976 36878 36867 32256 30976 30464 28816 28784 28686 28675 12512 4105 4103 3776 3600 3598 3587 3328 3296 3216 3184 3081 3079 2816 2496 2400 2320 2313 2311 1984 1888 1808 1801 1799 1760 1584 782 480 400 368 236 233 231 208 176 153 151 142 121 119 110 60 13 
60416 58880 57600 57472 57440 57356 57345 51456 50944 49344 49296 49264 49161 49159 37056 36960 36880 36872 36870 28864 28768 28688 28680 28678 15360 13824 12544 12300 12289 6400 5888 4240 4208 4105 4103 3808 3728 3696 3598 3587 3328 3081 3079 2816 2528 2448 2416 2313 2311 2016 1936 1904 1801 1799 782 238 233 231 158 153 151 126 121 119 13 11 
60928 59648 59136 57568 57392 53248 49164 49161 49159 45056 40448 39168 38656 37056 37008 36976 36876 36865 32782 32256 30976 30464 28864 28816 28784 28684 28673 24590 24585 24583 12512 4105 4103 3808 3632 3598 3587 3328 3216 3184 2816 2528 2352 2316 2313 2311 2016 1840 1804 1801 1799 1680 1648 782 400 368 236 225 208 158 153 151 126 121 119 13 11 
60928 58112 57568 57392 57353 57351 53248 49166 45056 40448 37632 37056 37008 36976 36876 36873 36871 32256 29440 28864 28816 28784 28684 28681 28679 12512 4110 3808 3728 3696 3596 3585 3086 3075 2816 2057 2055 1792 1550 1545 1543 992 912 880 780 769 270 259 236 233 231 208 206 176 153 151 121 119 60 30 11 
59648 59136 57536 57360 57358 57353 57351 52736 49376 49200 39936 39168 38656 36878 36873 36871 32912 32880 31744 30976 30464 28686 28681 28679 24800 24720 24688 12480 12304 7680 4320 4144 3776 3600 3596 3590 3585 3296 3120 2816 2528 2448 2416 2312 2310 2062 2057 2055 2016 1936 1904 1800 1798 1550 1545 1543 780 769 238 233 231 158 153 151 126 121 119 
60928 58112 57568 57392 57358 57353 57351 53248 49296 49264 45056 40448 37632 37008 36976 36878 36873 36871 35072 34560 32256 29440 28816 28784 28686 28681 28679 26880 26368 12512 3776 3728 3696 3592 3590 3086 3081 3079 2816 2528 2352 2316 2310 2305 2016 1840 1804 1798 1793 1550 1545 1543 912 880 270 265 263 236 230 225 208 206 201 199 158 153 151 126 121 119 
59648 59136 57568 57392 57352 57350 53248 52736 49296 49264 49164 49161 49159 45056 39168 38656 37008 36976 36876 36870 36865 30976 30464 28816 28784 28684 28678 28673 12512 7680 4105 4103 3808 3728 3696 3598 3587 3328 3081 3079 2496 2400 2320 2313 2311 1984 1888 1808 1801 1799 992 912 880 782 238 233 231 208 176 158 153 151 126 121 119 13 11 
60416 58880 57600 57568 57392 57353 57351 53248 52736 51456 50944 49166 40448 39168 38656 37056 37008 36976 36878 36867 32256 30976 30464 28864 28816 28784 28686 28675 12512 12297 12295 3808 3728 3696 3596 3590 3585 3081 3079 2528 2448 2416 2316 2310 2305 2062 2016 1936 1904 1804 1798 1793 1550 1545 1543 265 263 238 227 208 176 158 147 137 135 126 115 105 103 11 
60928 59648 59136 57472 57440 57356 57353 57351 49344 49296 49264 49166 45056 38912 38400 37056 36960 36880 36878 36867 30720 30208 28864 28768 28688 28686 28675 15872 14592 14080 12297 12295 4240 4208 3808 3632 3592 3590 3086 3075 2528 2352 2312 2310 2192 2160 2057 2055 2016 1840 1800 1798 1680 1648 1550 1545 1543 270 259 233 231 204 176 158 147 126 115 57 55 11 
60416 57600 57568 57392 57358 57353 57351 53248 52736 51456 50944 49296 49264 40448 39168 38656 37008 36976 36876 36870 36865 32256 30976 30464 28816 28784 28684 28678 28673 12512 12302 12297 12295 3728 3696 3296 3084 3073 2448 2416 2062 2057 2055 1936 1904 1728 1550 1545 1543 480 268 257 238 233 231 208 156 145 124 113 62 57 55 
60416 58880 57600 57358 57347 52736 49920 49376 49296 49264 49161 49159 45056 40448 39168 38656 37056 36880 36873 36871 32256 30976 30464 28864 28688 28681 28679 24672 12302 4320 4240 4208 3776 3680 3600 3598 3587 3328 2816 2496 2320 2316 2313 2311 2272 2192 2160 1984 1808 1804 1801 1799 1760 1680 1648 864 782 238 227 201 199 158 147 126 115 105 103 25 23 13 
60928 59648 59136 57568 57392 53248 49296 49264 49164 49161 49159 39936 37120 37008 36976 36878 36873 36871 31744 28928 28816 28784 28686 28681 28679 15872 14592 14080 12512 3808 3728 3696 3598 3587 3328 2816 2528 2448 2416 2316 2313 2311 2016 1936 1904 1804 1801 1799 782 236 230 225 208 206 201 199 176 156 145 124 113 105 103 54 30 25 23 13 11 
60416 57600 57536 57440 57360 57356 57345 52736 49920 49376 49200 49161 49159 45056 40448 39168 38656 36992 36960 36878 36873 36871 32256 30976 30464 28800 28768 28686 28681 28679 12480 12304 4320 4144 3808 3632 3598 3587 3328 3081 3079 2816 2528 2352 2313 2311 2016 1840 1801 1799 782 238 233 231 176 112 62 57 55 13 11 
59648 59136 57536 57440 57360 57356 57353 57351 52224 49166 45056 40448 37632 36992 36960 36878 36867 32992 32912 32880 32256 29440 28800 28768 28686 28675 24800 24720 24688 14592 14080 12480 12304 12297 12295 3808 3728 3696 3084 3081 3079 2816 2432 2400 2316 2305 2062 1920 1888 1804 1793 1550 1545 1543 992 912 880 265 263 238 227 158 147 137 135 126 115 105 103 11 
60928 58112 57568 57392 57358 57353 57351 53248 51456 50944 39168 38656 37056 37008 36976 36876 36865 30976 30464 28864 28816 28784 28684 28673 15872 12512 12302 12297 12295 3776 3680 3600 3592 3590 3216 3184 3086 3081 3079 2816 2528 2448 2416 2316 2310 2305 2016 1936 1904 1804 1798 1793 1550 1545 1543 270 265 263 236 225 208 198 176 156 150 145 142 137 135 124 118 113 110 105 103 
59648 59136 57358 57353 57351 52224 49344 49296 49264 45056 40448 37632 37056 36880 36872 36870 32992 32256 29440 28864 28688 28680 28678 24800 24720 24688 14592 14080 12302 12297 12295 4240 4208 3776 3728 3696 3596 3590 3585 3296 2816 2528 2352 2312 2310 2062 2057 2055 2016 1840 1800 1798 1550 1545 1543 912 880 780 769 238 233 231 176 152 150 120 118 62 57 55 
60928 58112 57472 57440 57356 57350 57345 49376 49296 49264 49161 49159 45056 39936 39168 38656 37056 36960 36880 36878 36873 36871 31744 30976 30464 28864 28768 28688 28686 28681 28679 24800 24720 24688 15872 4320 4240 4208 3808 3728 3696 3598 3587 3328 2496 2320 2316 2313 2311 1984 1808 1804 1801 1799 992 912 880 782 232 230 206 201 199 152 150 120 118 108 105 103 30 25 23 13 11 
60928 59648 59136 57568 57392 57358 57347 53248 49296 49264 39936 38400 37120 37008 36976 36876 36873 36871 31744 30208 28928 28816 28784 28684 28681 28679 15872 14592 14080 12512 12302 3712 3680 3596 3585 3296 3216 3184 3081 3079 2432 2400 2316 2305 1920 1888 1804 1793 1760 1584 1542 480 400 368 265 263 236 233 231 208 206 176 153 151 121 119 110 60 30 11 
59392 58880 57536 57360 52736 51456 50944 49296 49264 49164 49158 49153 45056 40448 39168 38656 37056 36880 36878 36873 36871 32256 30976 30464 28864 28688 28686 28681 28679 24672 4240 4208 3808 3728 3696 3596 3590 3585 3086 3081 3079 2528 2448 2416 2316 2310 2305 2016 1936 1904 1804 1798 1793 270 265 263 238 233 231 158 153 151 126 121 119 
60928 59648 59136 57568 57392 57356 57345 53248 49158 39936 37120 37056 37008 36976 36878 36873 36871 31744 28928 28864 28816 28784 28686 28681 28679 15872 14592 14080 12512 3808 3632 3592 3590 3216 3184 3084 3073 2528 2352 2312 2310 2016 1840 1800 1798 1680 1648 400 368 268 257 236 225 208 206 201 199 158 153 151 126 121 119 
59392 58880 57568 57392 57358 57353 57351 53248 52736 49920 40448 39168 38656 37056 37008 36976 36876 36865 32256 30976 30464 28864 28816 28784 28684 28673 12512 12302 12297 12295 3776 3680 3600 3598 3587 3328 3296 3216 3184 2816 2496 2320 2316 2313 2311 1984 1808 1804 1801 1799 1680 1648 864 782 480 400 368 238 233 231 208 176 158 153 151 126 121 119 13 11 
60416 59648 59136 57568 57392 57356 57350 57345 53248 49296 49264 40448 37632 37008 36976 36878 36873 36871 32256 29440 28816 28784 28686 28681 28679 14592 14080 12512 3808 3728 3696 3086 3081 3079 2816 2432 2400 2316 2305 1920 1888 1804 1793 1542 992 912 880 270 265 263 238 233 231 208 176 158 153 151 126 121 119 
60928 59648 59136 57568 57392 57358 57347 53248 49161 49159 45056 40448 39168 38656 37056 37008 36976 36878 36867 32256 30976 30464 28864 28816 28784 28686 28675 24585 24583 12512 4105 4103 3598 3587 3328 3264 3216 3184 2816 2496 2320 2316 2313 2311 2272 1984 1808 1804 1801 1799 1760 1680 1648 782 400 368 233 231 208 206 176 153 151 121 119 30 13 
59392 58880 57536 57440 57360 57358 57347 52736 51456 50944 49296 49264 49161 49159 38912 38400 37056 36960 36880 36878 36867 32992 30720 30208 28864 28768 28688 28686 28675 27648 26880 26368 24800 24720 24688 7680 6400 5888 4240 4208 4105 4103 3728 3696 3598 3587 3328 3296 3081 3079 2816 2496 2448 2416 2313 2311 1984 1936 1904 1801 1799 1760 782 480 238 227 176 156 153 151 124 121 119 62 13 
60928 59648 59136 57568 57392 57356 57345 53248 49296 49264 49166 49161 49159 45056 40448 39168 38656 37008 36976 36876 36870 36865 32256 30976 30464 28816 28784 28684 28678 28673 24590 24579 12512 4110 4105 4103 3808 3632 3598 3587 3328 3216 3184 3081 3079 2816 2528 2352 2313 2311 2016 1840 1801 1799 782 400 368 232 230 208 206 195 158 153 151 126 121 119 13 11 
60928 59648 59136 57536 57360 57353 57351 49376 49296 49264 49164 40448 39168 38656 37056 36880 36873 36871 32256 30976 30464 28864 28688 28681 28679 24800 24720 24688 24588 4320 4240 4208 4108 3808 3728 3696 3086 3081 3079 2528 2448 2416 2316 2305 2016 1936 1904 1804 1793 1542 270 265 263 236 233 231 156 153 151 142 124 121 119 110 11 
57568 57392 57358 57353 57351 53248 52736 49920 49296 49264 45056 39936 37120 37008 36976 36878 36873 36871 31744 28928 28816 28784 28686 28681 28679 28160 25344 12512 7680 4864 3776 3600 3592 3590 3216 3184 3084 3081 3079 2432 2400 2316 2310 2305 1920 1888 1804 1798 1793 960 784 400 368 265 263 238 233 231 208 176 158 153 151 126 121 119 
60928 59648 59136 57472 57440 57358 57353 57351 49376 49200 40448 39168 38656 36992 36960 36878 36873 36871 32912 32880 32256 30976 30464 28800 28768 28686 28681 28679 24800 24720 24688 4320 4144 3776 3728 3696 3596 3590 3585 3296 3086 3075 2448 2416 2312 2310 1936 1904 1800 1798 960 780 769 480 270 259 236 225 201 199 176 158 153 151 126 121 119 
60928 58112 57472 57440 57358 57347 51456 50944 49344 49168 49161 49159 40448 37632 36992 36960 36878 36867 32256 29440 28800 28768 28686 28675 24585 24583 6400 5888 4288 4112 4105 4103 3776 3600 3598 3587 3328 3168 2528 2448 2416 2316 2313 2311 2016 1936 1904 1804 1801 1799 782 236 233 231 206 156 153 151 124 121 119 30 13 
60416 59648 59136 57568 57392 57356 57350 57345 53248 49166 49161 49159 45056 39168 38656 37056 37008 36976 36876 36865 36352 30976 30464 28864 28816 28784 28684 28673 28160 24585 24583 15360 12512 12294 4110 4105 4103 3808 3728 3696 3598 3587 3328 2496 2320 2316 2313 2311 1984 1808 1804 1801 1799 992 912 880 782 238 233 231 208 176 158 153 151 126 121 119 13 11 
60928 58112 57536 57360 57352 57350 51456 50944 49296 49264 49166 49161 49159 40448 37632 37056 36880 36872 36870 32256 29440 28864 28688 28680 28678 26880 26368 24672 24590 24579 6400 5888 4240 4208 4110 4105 4103 3808 3632 3598 3587 3328 3081 3079 2496 2448 2416 2313 2311 1984 1936 1904 1801 1799 992 782 236 230 225 206 195 176 158 153 151 126 121 119 13 11 
60416 59648 59136 57536 57440 57360 57358 57353 57351 49376 49296 49264 39936 39168 38656 37056 36960 36880 36878 36873 36871 36352 31744 30976 30464 28864 28768 28688 28686 28681 28679 28160 4320 4240 4208 3596 3585 3264 3168 3088 3081 3079 2816 2528 2448 2416 2316 2305 2016 1936 1904 1804 1793 1542 265 263 238 233 231 158 153 151 126 121 119 
60416 57600 57568 57392 57353 57351 53248 52736 51456 50944 49296 49264 49164 45056 39936 38400 37120 37008 36976 36876 36873 36871 31744 30208 28928 28816 28784 28684 28681 28679 28160 25344 12512 7680 6400 5888 3808 3728 3696 3598 3587 3328 2816 2528 2448 2416 2316 2313 2311 2016 1936 1904 1804 1801 1799 782 238 227 208 201 199 176 158 147 126 115 25 23 13 
60928 59648 59136 57358 57353 57351 49344 49296 49264 40448 39168 38656 37056 36880 36878 36873 36871 32992 32256 30976 30464 28864 28688 28686 28681 28679 24800 24720 24688 4240 4208 3598 3587 3328 3296 3120 2816 2496 2320 2316 2313 2311 2192 2160 1984 1808 1804 1801 1799 1680 1648 782 480 304 236 230 225 201 199 60 54 49 25 23 13 11 
60416 58880 57600 57568 57392 57358 57353 57351 53248 52736 51456 50944 45056 39936 37120 37056 37008 36976 36878 36873 36871 31744 28928 28864 28816 28784 28686 28681 28679 26880 26368 13824 12512 7680 6400 5888 3728 3696 3598 3587 3328 3264 3081 3079 2816 2496 2448 2416 2313 2311 1984 1936 1904 1801 1799 782 238 233 231 208 156 145 124 113 62 57 55 13 11 
60928 59648 59136 57568 57392 53248 49166 49155 45056 40448 39168 38656 37056 37008 36976 36876 36865 32777 32775 32256 30976 30464 28864 28816 28784 28684 28673 24585 24583 12512 4110 4099 3808 3728 3696 3084 3081 3079 2528 2448 2416 2316 2305 2062 2016 1936 1904 1804 1793 1550 1545 1543 265 263 208 206 195 176 156 145 124 113 110 99 30 19 
60928 58112 57568 57392 57358 57353 57351 53248 51456 50944 49296 49264 45056 40448 37632 37008 36976 36878 36873 36871 32256 29440 28816 28784 28686 28681 28679 12512 6400 5888 3776 3600 3598 3587 3328 3296 3216 3184 2528 2448 2416 2316 2313 2311 2016 1936 1904 1804 1801 1799 782 232 230 208 204 201 199 176 156 150 145 124 118 113 25 23 13 11 
60928 59648 59136 57472 57440 57356 57353 57351 49376 49296 49264 45056 38912 38400 37056 36960 36880 36878 36867 30720 30208 28864 28768 28688 28686 28675 24800 24720 24688 15872 14592 14080 12297 12295 4320 4240 4208 3808 3728 3696 3598 3587 3328 3081 3079 2816 2528 2448 2416 2313 2311 2016 1936 1904 1801 1799 782 236 233 231 206 156 153 151 124 121 119 110 30 13 
60416 57600 57568 57392 57358 57353 57351 53248 49296 49264 40448 39168 38656 37008 36976 36876 36870 36865 32256 30976 30464 28816 28784 28684 28678 28673 12512 12302 12297 12295 3712 3680 3598 3587 3328 3264 3216 3184 3081 3079 2816 2496 2400 2320 2313 2311 1984 1888 1808 1801 1799 782 400 368 238 233 231 208 176 158 153 151 126 121 119 13 11 
60928 59648 59136 57536 57360 57358 57353 57351 49376 49200 45056 32912 32880 28672 24800 24720 24688 15872 14592 14080 12480 12304 12302 12297 12295 4320 4144 3728 3696 3598 3587 3328 3296 2816 2496 2448 2416 2316 2313 2311 1984 1936 1904 1804 1801 1799 782 480 236 225 206 195 176 158 153 151 126 121 119 13 11 
60416 57600 57536 57440 57360 57356 57345 51456 50944 49166 49155 45056 40448 39168 38656 36992 36960 36878 36873 36871 32992 32912 32880 32256 30976 30464 28800 28768 28686 28681 28679 24800 24720 24688 12480 12304 3808 3728 3696 3596 3585 3086 3075 2528 2448 2416 2057 2055 2016 1936 1904 1550 1545 1543 780 769 270 259 238 233 231 158 153 151 126 121 119 
59648 59136 57358 57353 57351 52736 49376 49296 49264 45056 40448 37632 37056 36880 36872 36870 32256 29440 28864 28688 28680 28678 24672 14592 14080 12302 12297 12295 4320 4240 4208 3776 3680 3600 3598 3587 3328 3081 3079 2528 2448 2416 2313 2311 2016 1936 1904 1801 1799 782 238 233 231 158 153 151 126 121 119 13 11 
60928 59648 59136 57568 57392 57356 57345 53248 49166 49161 49159 39936 37120 37056 37008 36976 36878 36873 36871 31744 28928 28864 28816 28784 28686 28681 28679 15872 14592 14080 12512 3808 3728 3696 3598 3587 3328 3081 3079 2816 2528 2448 2416 2313 2311 2016 1936 1904 1801 1799 782 208 204 201 199 176 156 145 142 124 113 110 105 103 25 23 13 11 
59392 58880 57568 57392 57356 57353 57351 53248 51456 50944 49166 45056 39936 38400 37120 37056 37008 36976 36876 36873 36871 36352 31744 30208 28928 28864 28816 28784 28684 28681 28679 28160 26880 26368 24590 12512 6400 5888 4110 3776 3728 3696 3598 3587 3328 3296 2816 2496 2448 2416 2316 2313 2311 1984 1936 1904 1804 1801 1799 1760 782 480 236 233 231 208 206 158 147 126 115 57 55 13 
60416 59648 59136 57568 57392 57358 57347 53248 52736 49296 49264 45056 39168 38656 37008 36976 36878 36867 32777 32775 30976 30464 28816 28784 28686 28675 28160 24585 24583 15360 12512 7680 3808 3632 3216 3184 3081 3079 2816 2448 2416 2316 2305 1936 1904 1804 1793 992 265 263 236 233 231 208 158 147 126 115 57 55 11 
60928 58112 57568 57392 57356 57353 57351 53248 51456 50944 49296 49264 49166 45056 40448 37632 37008 36976 36876 36873 36871 32256 29440 28816 28784 28684 28681 28679 12512 6400 5888 4110 3598 3587 3328 3216 3184 3081 3079 2528 2448 2416 2313 2311 2016 1936 1904 1801 1799 782 238 227 208 201 199 176 158 147 126 115 25 23 13 
60416 59648 59136 57353 57351 52736 49376 49200 49166 39936 39168 38656 36873 36871 32912 32880 31744 30976 30464 28681 28679 28160 24800 24720 24688 24590 7680 4320 4144 4110 3728 3696 3598 3587 3328 3296 2528 2352 2316 2313 2311 2016 1840 1804 1801 1799 912 880 782 233 231 206 176 158 147 126 115 57 55 13 
60928 58112 57568 57392 57358 57353 57351 53248 51456 50944 45056 40448 37632 37056 37008 36976 36878 36873 36871 32256 29440 28864 28816 28784 28686 28681 28679 26880 26368 12512 6400 5888 3808 3632 3598 3587 3328 3216 3184 2496 2448 2416 2316 2313 2311 1984 1936 1904 1804 1801 1799 992 782 238 233 231 208 156 150 145 124 118 113 62 57 55 13 11 
60928 59648 59136 57536 57440 57360 57356 57353 57351 49166 40448 39168 38656 36992 36960 36873 36871 32256 30976 30464 28800 28768 28681 28679 24590 12480 12304 12300 4110 3728 3696 3596 3585 3081 3079 2448 2416 2316 2305 2272 2062 1936 1904 1804 1793 1760 1550 1545 1543 265 263 238 227 201 199 176 156 153 151 124 121 119 62 11 
60416 57600 57536 57360 57358 57347 51456 50944 49376 49200 49161 49159 38912 38400 36878 36867 30720 30208 28686 28675 15360 12544 12480 12304 6400 5888 4320 4144 4105 4103 3808 3728 3696 3598 3587 3328 3081 3079 2816 2528 2448 2416 2313 2311 2016 1936 1904 1801 1799 782 233 231 156 153 151 142 124 121 119 110 13 
60928 59648 59136 57568 57392 57358 57347 53248 49296 49264 49161 49159 45056 40448 39168 38656 37008 36976 36878 36867 32256 30976 30464 28816 28784 28686 28675 24585 24583 12512 4105 4103 3808 3632 3598 3587 3328 3216 3184 2816 2528 2352 2316 2313 2311 2016 1840 1804 1801 1799 782 400 368 238 227 208 153 151 121 119 62 13 
60416 58880 57600 57472 57440 57356 57345 51456 50944 49376 49296 49264 49161 49159 37056 36960 36880 36872 36870 36352 32782 28864 28768 28688 28680 28678 28160 26880 26368 24590 24585 24583 15360 13824 12544 12300 12289 6400 5888 4320 4240 4208 4105 4103 3776 3728 3696 3598 3587 3328 2816 2496 2448 2416 2316 2313 2311 1984 1936 1904 1804 1801 1799 782 232 230 176 158 153 151 126 121 119 13 11 
59648 59136 57472 57440 57356 57353 57351 52736 49296 49264 49166 39936 39168 38656 37056 36960 36880 36873 36871 32992 31744 30976 30464 28864 28768 28688 28681 28679 24800 24720 24688 12300 7680 4240 4208 4110 3776 3600 3596 3590 3585 3296 3120 3086 3075 2816 2528 2448 2416 2312 2310 2057 2055 2016 1936 1904 1800 1798 1550 1545 1543 780 769 270 259 233 231 206 156 153 151 124 121 119 30 11 
60928 58112 57568 57392 57353 57351 53248 49166 45056 40448 37632 37056 37008 36976 36876 36873 36871 35072 34560 32256 29440 28864 28816 28784 28684 28681 28679 26880 26368 24590 12512 4110 3776 3728 3696 3592 3590 3081 3079 2816 2528 2352 2316 2310 2305 2062 2016 1840 1804 1798 1793 1550 1545 1543 912 880 265 263 238 227 208 201 199 153 151 121 119 62 11 
59648 59136 57536 57360 57358 57353 57351 52736 39936 39168 38656 36878 36873 36871 32992 32912 32880 31744 30976 30464 28686 28681 28679 28160 24800 24720 24688 12480 12304 7680 3808 3632 3086 3081 3079 2816 2448 2416 2316 2305 1936 1904 1804 1793 1550 1545 1543 992 270 265 263 206 201 199 176 158 153 151 126 121 119 
59648 59136 57568 57392 57358 57347 53248 52736 49161 49159 45056 39168 38656 37056 37008 36976 36878 36867 30976 30464 28864 28816 28784 28686 28675 12512 7680 4105 4103 3808 3728 3696 3598 3587 3328 3081 3079 2496 2400 2320 2313 2311 1984 1888 1808 1801 1799 992 912 880 782 236 233 231 208 176 153 151 142 121 119 110 60 13 
60928 58112 57536 57440 57360 57356 57350 57345 51456 50944 49376 49200 49161 49159 40448 37632 36992 36960 32912 32880 32256 29440 28800 28768 24800 24720 24688 12480 12304 12300 12294 12289 6400 5888 4320 4144 4105 4103 3598 3587 3328 3296 3120 3081 3079 2528 2448 2416 2313 2311 2016 1936 1904 1801 1799 782 238 233 231 158 153 151 126 121 119 13 11 
59648 59136 57568 57392 57352 57350 53248 52736 49296 49264 49161 49159 45056 39168 38656 37008 36976 36876 36870 36865 32782 30976 30464 28816 28784 28684 28678 28673 28160 24590 24585 24583 12512 7680 4105 4103 3728 3696 3598 3587 3328 2528 2352 2316 2313 2311 2016 1840 1804 1801 1799 912 880 782 236 230 225 208 158 153 151 126 121 119 13 11 
60416 58880 57600 57568 57392 57353 57351 53248 52736 51456 50944 49166 40448 39168 38656 37056 37008 36976 36878 36867 32256 30976 30464 28864 28816 28784 28686 28675 12512 12297 12295 3728 3696 3296 3086 3075 2448 2416 2057 2055 1936 1904 1760 1550 1545 1543 480 270 259 236 233 231 208 158 147 126 115 57 55 11 
60928 59648 59136 57568 57392 57358 57347 53248 49161 49159 39936 38400 37120 37056 37008 36976 36876 36873 36871 31744 30208 28928 28864 28816 28784 28684 28681 28679 15872 14592 14080 12512 12302 3808 3728 3696 3598 3587 3328 2816 2528 2448 2416 2316 2313 2311 2016 1936 1904 1804 1801 1799 782 238 227 208 201 199 176 158 147 126 115 105 103 25 23 13 
60416 58880 57600 57358 57347 52736 49920 49296 49264 49161 49159 45056 40448 39168 38656 37056 36880 36873 36871 32256 30976 30464 28864 28688 28681 28679 12302 4240 4208 3808 3632 3598 3587 3328 3081 3079 2816 2528 2352 2313 2311 2192 2160 2016 1840 1801 1799 1680 1648 782 233 231 206 176 158 147 126 115 57 55 13 
60928 59648 59136 57568 57392 53248 49296 49264 49161 49159 39936 37120 37008 36976 36878 36873 36871 31744 28928 28816 28784 28686 28681 28679 15872 14592 14080 12512 3776 3728 3696 3598 3587 3328 3296 3081 3079 2816 2496 2448 2416 2313 2311 1984 1936 1904 1801 1799 782 480 238 233 231 208 156 145 124 113 62 57 55 13 11 
60928 58112 57568 57392 57353 57351 53248 51456 50944 49296 49264 49166 39168 38656 37008 36976 36878 36867 30976 30464 28816 28784 28686 28675 15872 12512 12297 12295 3776 3680 3600 3592 3590 3216 3184 3081 3079 2816 2528 2448 2416 2316 2310 2305 2062 2016 1936 1904 1804 1798 1793 1550 1545 1543 265 263 238 227 208 176 158 147 137 135 126 115 105 103 11 
59648 59136 57536 57440 57360 57356 57353 57351 49376 49200 49166 45056 40448 37632 36992 36960 36878 36867 32912 32880 32256 29440 28800 28768 28686 28675 24800 24720 24688 14592 14080 12480 12304 12297 12295 4320 4144 3776 3728 3696 3596 3590 3585 3296 3086 3075 2816 2528 2352 2312 2310 2057 2055 2016 1840 1800 1798 1550 1545 1543 912 880 780 769 270 259 233 231 176 158 147 126 115 57 55 11 
60928 58112 57568 57392 57358 57353 57351 53248 51456 50944 39168 38656 37056 37008 36976 36876 36865 30976 30464 28864 28816 28784 28684 28673 15872 12512 12302 12297 12295 3808 3632 3596 3585 3216 3184 2816 2448 2416 2062 2057 2055 1936 1904 1550 1545 1543 992 780 769 238 233 231 208 156 150 145 124 118 113 62 57 55 
60928 58112 57536 57360 57358 57347 49161 49159 45056 39936 39168 38656 36873 36871 32992 32912 32880 31744 30976 30464 28681 28679 24800 24720 24688 15872 12480 12304 12302 3808 3728 3696 3598 3587 3328 2496 2320 2316 2313 2311 1984 1808 1804 1801 1799 992 912 880 782 238 227 201 199 158 147 126 115 105 103 25 23 13 
59648 59136 57568 57392 57352 57350 53248 49161 49159 40448 37632 37056 37008 36976 36878 36873 36871 32256 29440 28864 28816 28784 28686 28681 28679 14592 14080 12512 3712 3680 3598 3587 3328 3216 3184 2528 2448 2416 2316 2313 2311 2016 1936 1904 1804 1801 1799 782 236 225 208 206 201 199 176 156 150 145 124 118 113 105 103 30 25 23 13 11 
60928 58112 57472 57440 57356 57350 57345 49296 49264 49161 49159 45056 39936 39168 38656 37056 36960 36880 36878 36873 36871 32992 31744 30976 30464 28864 28768 28688 28686 28681 28679 24800 24720 24688 15872 4240 4208 3728 3696 3598 3587 3328 3296 3081 3079 2528 2352 2313 2311 2016 1840 1801 1799 912 880 782 238 233 231 176 152 150 120 118 62 57 55 13 11 
57472 57440 57358 57347 52736 51456 50944 49376 49200 45056 40448 39168 38656 36992 36960 36873 36871 32256 30976 30464 28800 28768 28681 28679 12302 4320 4144 3808 3728 3696 3596 3590 3585 3081 3079 2528 2448 2416 2316 2310 2305 2016 1936 1904 1804 1798 1793 265 263 233 231 206 156 153 151 124 121 119 110 30 11 
60928 59648 59136 57568 57392 57358 57347 53248 49296 49264 39936 38400 37120 37008 36976 36876 36873 36871 31744 30208 28928 28816 28784 28684 28681 28679 15872 14592 14080 12512 12302 3808 3632 3592 3590 3216 3184 3086 3075 2528 2352 2312 2310 2016 1840 1800 1798 400 368 270 259 238 227 208 201 199 153 151 121 119 62 11 
59392 58880 57536 57360 52736 51456 50944 49376 49296 49264 45056 40448 39168 38656 37056 36880 36878 36873 36871 32256 30976 30464 28864 28688 28686 28681 28679 4320 4240 4208 3728 3696 2448 2416 1936 1904 232 230 206 201 199 176 158 153 151 126 121 119 
57568 57392 57356 57353 57351 53248 52736 49920 49296 49264 49166 40448 39168 38656 37008 36976 36878 36867 32256 30976 30464 28816 28784 28686 28675 12512 12297 12295 3776 3680 3600 3598 3587 3328 3296 3216 3184 2816 2496 2320 2316 2313 2311 1984 1808 1804 1801 1799 1760 1584 864 782 480 400 368 236 233 231 208 176 153 151 121 119 60 13 
60928 59648 59136 57536 57440 57360 57358 57353 57351 49296 49264 45056 37056 36960 36880 36872 36870 28864 28768 28688 28680 28678 15872 14592 14080 12302 12297 12295 4240 4208 3808 3728 3696 3598 3587 3328 2816 2528 2448 2416 2316 2313 2311 2016 1936 1904 1804 1801 1799 782 238 233 231 158 153 151 126 121 119 13 11 
59392 58880 57568 57392 57358 57353 57351 53248 52736 49920 40448 39168 38656 37056 37008 36976 36876 36865 32256 30976 30464 28864 28816 28784 28684 28673 12512 12302 12297 12295 3808 3632 3598 3587 3328 3216 3184 3081 3079 2816 2528 2352 2313 2311 2016 1840 1801 1799 1680 1648 782 400 368 236 225 208 158 153 151 126 121 119 13 11 
60416 59648 59136 57568 57392 57358 57347 53248 40448 37632 37056 37008 36976 36876 36873 36871 32256 29440 28864 28816 28784 28684 28681 28679 14592 14080 12512 12302 3808 3728 3696 3081 3079 2816 2432 2400 2316 2305 1920 1888 1804 1793 992 912 880 265 263 236 233 231 208 206 176 153 151 121 119 110 60 30 11 
60928 58112 57352 57350 51456 50944 49376 49200 45056 39936 39168 38656 36878 36873 36871 32912 32880 31744 30976 30464 28686 28681 28679 24800 24720 24688 15872 4320 4144 3776 3680 3600 3592 3590 3296 3120 3086 3081 3079 2816 2528 2448 2416 2316 2310 2305 2016 1936 1904 1804 1798 1793 270 265 263 238 233 231 158 153 151 126 121 119 
60416 59648 59136 57568 57392 57356 57350 57345 53248 49296 49264 40448 37632 37008 36976 36878 36873 36871 32256 29440 28816 28784 28686 28681 28679 14592 14080 12512 3776 3728 3696 3596 3590 3585 2816 2528 2352 2312 2310 2016 1840 1800 1798 912 880 780 769 236 230 225 208 206 201 199 158 153 151 126 121 119 
60928 58112 57568 57392 57358 57353 57351 53248 49296 49264 39168 38656 37008 36976 36876 36870 36865 30976 30464 28816 28784 28684 28678 28673 15872 12512 12302 12297 12295 3808 3728 3696 3598 3587 3328 2496 2320 2316 2313 2311 1984 1808 1804 1801 1799 992 912 880 782 238 233 231 208 176 158 153 151 126 121 119 13 11 
60928 59648 59136 57568 57392 57358 57347 53248 49161 49159 45056 40448 39168 38656 37056 37008 36976 36878 36867 32256 30976 30464 28864 28816 28784 28686 28675 12512 4105 4103 3808 3632 3598 3587 3328 3216 3184 3081 3079 2816 2528 2352 2313 2311 2016 1840 1801 1799 1680 1648 782 400 368 238 227 208 153 151 121 119 62 13 
59392 58880 57568 57392 57356 57353 57351 53248 52736 49920 45056 39936 38400 37120 37056 37008 36976 36876 36873 36871 31744 30208 28928 28864 28816 28784 28684 28681 28679 28160 25344 12512 7680 4864 3776 3600 3592 3590 3216 3184 3086 3081 3079 2432 2400 2316 2310 2305 2272 1920 1888 1804 1798 1793 1760 1680 1648 960 784 400 368 270 265 263 233 231 208 176 153 151 142 121 119 110 11 
60928 59648 59136 57536 57360 57353 57351 49296 49264 40448 39168 38656 37056 36880 36873 36871 32992 32782 32256 30976 30464 28864 28688 28681 28679 24800 24720 24688 24590 4240 4208 3776 3728 3696 3596 3590 3585 3296 2448 2416 2312 2310 1936 1904 1800 1798 1760 960 780 769 480 238 227 201 199 176 156 153 151 124 121 119 62 11 
57568 57392 57358 57353 57351 53248 52736 49920 49296 49264 45056 39936 37120 37008 36976 36878 36873 36871 35072 34560 31744 28928 28816 28784 28686 28681 28679 26880 26368 12512 7680 4864 3808 3632 3596 3585 3216 3184 3086 3075 2528 2352 2016 1840 780 769 400 368 270 259 232 230 208 201 199 158 153 151 126 121 119 
60416 59648 59136 57568 57392 57358 57347 53248 49296 49264 49161 49159 45056 39168 38656 37008 36976 36878 36867 36352 30976 30464 28816 28784 28686 28675 28160 24585 24583 15360 12512 4105 4103 3808 3728 3696 3598 3587 3328 2496 2320 2316 2313 2311 1984 1808 1804 1801 1799 992 912 880 782 233 231 208 206 176 153 151 121 119 30 13 
60928 58112 57472 57440 57358 57347 51456 50944 49376 49200 49161 49159 40448 37632 36992 36960 36878 36867 32256 29440 28800 28768 28686 28675 26880 26368 6400 5888 4320 4144 4105 4103 3808 3632 3598 3587 3328 3081 3079 2496 2448 2416 2313 2311 1984 1936 1904 1801 1799 992 782 238 227 176 156 153 151 124 121 119 62 13 
60416 59648 59136 57568 57392 57356 57350 57345 53248 49166 49161 49159 45056 39168 38656 37056 37008 36976 36876 36865 30976 30464 28864 28816 28784 28684 28673 24590 24579 15360 12512 12294 4110 4105 4103 3776 3728 3696 3598 3587 3328 3296 3081 3079 2528 2352 2313 2311 2016 1840 1801 1799 912 880 782 208 206 195 158 153 151 126 121 119 13 11 
60416 59648 59136 57353 57351 39936 39168 38656 36873 36871 36352 31744 30976 30464 28681 28679 28160 3596 3585 3086 3081 3079 2816 2528 2448 2416 2316 2305 2016 1936 1904 1804 1793 270 265 263 236 233 231 156 153 151 142 124 121 119 110 11 
60928 58112 57568 57392 57358 57353 57351 53248 45056 40448 37632 37056 37008 36976 36878 36873 36871 32256 29440 28864 28816 28784 28686 28681 28679 12512 3808 3728 3696 3596 3590 3585 3081 3079 2816 2432 2400 2316 2310 2305 1920 1888 1804 1798 1793 992 912 880 265 263 238 233 231 208 176 158 153 151 126 121 119 
60416 59648 59136 57536 57440 57360 57358 57353 57351 49296 49264 39936 39168 38656 37056 36960 36880 36878 36873 36871 31744 30976 30464 28864 28768 28688 28686 28681 28679 4240 4208 3808 3632 3592 3590 3086 3075 2816 2448 2416 2312 2310 1936 1904 1800 1798 992 270 259 236 230 225 201 199 176 158 153 151 126 121 119 
60928 59648 59136 57536 57440 57360 57356 57353 57351 49376 49200 40448 39168 38656 36992 36960 36873 36871 32912 32880 32256 30976 30464 28800 28768 28681 28679 24800 24720 24688 12480 12304 12300 4320 4144 3598 3587 3328 3296 3120 2816 2496 2320 2316 2313 2311 1984 1808 1804 1801 1799 1760 1584 782 480 304 238 227 201 199 158 147 126 115 25 23 13 
60416 57600 57568 57392 57353 57351 53248 52736 51456 50944 49296 49264 45056 39936 38400 37120 37008 36976 36876 36873 36871 32782 31744 30208 28928 28816 28784 28684 28681 28679 26880 26368 24590 12512 7680 6400 5888 3728 3696 3598 3587 3328 3081 3079 2816 2496 2448 2416 2313 2311 2272 1984 1936 1904 1801 1799 1760 782 233 231 208 158 147 126 115 57 55 13 
60928 59648 59136 57358 57353 57351 49376 49296 49264 40448 39168 38656 37056 36880 36878 36873 36871 32256 30976 30464 28864 28688 28686 28681 28679 24800 24720 24688 4320 4240 4208 3808 3632 3598 3587 3328 3081 3079 2816 2528 2352 2313 2311 2192 2160 2016 1840 1801 1799 1680 1648 782 238 233 231 176 62 57 55 13 11 
60928 59648 59136 57568 57392 57358 57347 53248 49296 49264 45056 40448 39168 38656 37008 36976 36878 36867 32777 32775 32256 30976 30464 28816 28784 28686 28675 24585 24583 12512 3808 3728 3696 3086 3081 3079 2528 2448 2416 2316 2305 2016 1936 1904 1804 1793 1550 1545 1543 270 265 263 238 227 208 176 158 147 126 115 11 
60416 58880 57600 57472 57440 57356 57345 52736 49920 49296 49264 49166 49155 37056 36960 36880 36872 36870 32992 32777 32775 28864 28768 28688 28680 28678 28160 25344 24800 24720 24688 24585 24583 15360 13824 12544 12300 12289 7680 4864 4240 4208 4110 4099 3776 3600 3592 3590 3296 3120 3081 3079 2432 2400 2316 2310 2305 2192 2160 2062 1920 1888 1804 1798 1793 1680 1648 1550 1545 1543 960 784 480 304 265 263 236 230 225 206 195 110 99 60 54 49 30 19 
60928 59648 59136 57568 57392 53248 49166 49155 45056 40448 39168 38656 37056 37008 36976 36876 36865 32256 30976 30464 28864 28816 28784 28684 28673 24590 24579 12512 4110 4099 3776 3728 3696 3596 3590 3585 3086 3075 2448 2416 2312 2310 2057 2055 1936 1904 1800 1798 1550 1545 1543 960 780 769 270 259 238 233 231 208 156 145 124 113 62 57 55 
60928 58112 57568 57392 57353 57351 53248 51456 50944 45056 40448 37632 37056 37008 36976 36876 36873 36871 32256 29440 28864 28816 28784 28684 28681 28679 12512 6400 5888 3776 3600 3598 3587 3328 3296 3216 3184 2528 2448 2416 2316 2313 2311 2016 1936 1904 1804 1801 1799 782 238 227 208 201 199 176 158 147 126 115 25 23 13 
59648 59136 57536 57360 57358 57353 57351 49376 49200 39936 39168 38656 36878 36873 36871 36352 31744 30976 30464 28686 28681 28679 28160 12480 12304 4320 4144 3808 3728 3696 3598 3587 3328 2496 2320 2316 2313 2311 1984 1808 1804 1801 1799 992 912 880 782 236 225 201 199 152 150 120 118 60 49 25 23 13 11 
59648 59136 57568 57392 57352 57350 53248 49296 49264 49166 49155 45056 39168 38656 37008 36976 36876 36870 36865 36352 32777 32775 30976 30464 28816 28784 28684 28678 28673 28160 24585 24583 12512 4110 4099 3596 3585 3296 3216 3184 3081 3079 2816 2528 2448 2416 2316 2305 2062 2016 1936 1904 1804 1793 1550 1545 1543 265 263 232 230 208 206 195 176 156 150 145 124 118 113 110 99 30 19 
60928 58112 57568 57392 57358 57353 57351 53248 51456 50944 49296 49264 45056 40448 37632 37008 36976 36878 36873 36871 32256 29440 28816 28784 28686 28681 28679 26880 26368 12512 6400 5888 3808 3632 3598 3587 3328 3216 3184 3081 3079 2496 2448 2416 2313 2311 1984 1936 1904 1801 1799 992 782 238 233 231 208 156 150 145 124 118 113 62 57 55 13 11 
60416 58880 57600 57568 57392 57353 57351 53248 40448 39168 38656 37056 37008 36976 36878 36867 32256 30976 30464 28864 28816 28784 28686 28675 12512 12297 12295 3712 3680 3598 3587 3328 3216 3184 3081 3079 2816 2496 2400 2320 2313 2311 2272 1984 1888 1808 1801 1799 1760 1680 1648 782 400 368 233 231 208 206 176 153 151 121 119 110 30 13 
60928 59648 59136 57472 57440 57356 57353 57351 49296 49264 45056 38912 38400 37056 36960 36880 36878 36867 32992 30720 30208 28864 28768 28688 28686 28675 24800 24720 24688 15872 14592 14080 12297 12295 4240 4208 3728 3696 3598 3587 3328 3296 2816 2496 2448 2416 2316 2313 2311 1984 1936 1904 1804 1801 1799 1760 782 480 238 227 176 156 153 151 124 121 119 62 13 
60416 57600 57568 57392 57358 57353 57351 53248 49296 49264 40448 39168 38656 37008 36976 36876 36870 36865 32256 30976 30464 28816 28784 28684 28678 28673 12512 12302 12297 12295 3808 3632 3598 3587 3328 3216 3184 2816 2528 2352 2316 2313 2311 2016 1840 1804 1801 1799 782 400 368 232 230 208 206 195 158 153 151 126 121 119 13 11 
60416 58880 57600 57358 57347 51456 50944 49376 49296 49264 45056 40448 39168 38656 37056 36880 36873 36871 32256 30976 30464 28864 28688 28681 28679 24800 24720 24688 12302 4320 4240 4208 3808 3728 3696 3596 3585 2528 2448 2416 2062 2057 2055 2016 1936 1904 1550 1545 1543 780 769 236 233 231 156 153 151 124 121 119 11 
60928 59648 59136 57568 57392 53248 49296 49264 49166 49155 39936 37120 37008 36976 36878 36873 36871 31744 28928 28816 28784 28686 28681 28679 15872 14592 14080 12512 3776 3680 3600 3596 3590 3585 3216 3184 3086 3075 2312 2310 2057 2055 1800 1798 1550 1545 1543 960 864 784 780 769 400 368 270 259 238 233 231 208 176 158 153 151 126 121 119 
60416 57600 57536 57440 57360 57356 57345 51456 50944 49376 49200 49166 49155 45056 40448 39168 38656 36992 36960 36878 36873 36871 32912 32880 32256 30976 30464 28800 28768 28686 28681 28679 24800 24720 24688 12480 12304 4320 4144 3776 3728 3696 3592 3590 3296 3081 3079 2448 2416 2316 2310 2305 2062 1936 1904 1804 1798 1793 1550 1545 1543 960 480 265 263 236 225 201 199 176 158 153 151 126 121 119 
59648 59136 57536 57440 57360 57356 57353 57351 52736 45056 40448 37632 36992 36960 36878 36867 32256 29440 28800 28768 28686 28675 14592 14080 12480 12304 12297 12295 3776 3680 3600 3598 3587 3328 3081 3079 2528 2448 2416 2313 2311 2016 1936 1904 1801 1799 782 236 233 231 206 156 153 151 124 121 119 110 30 13 
60928 58112 57568 57392 57358 57353 57351 53248 39168 38656 37056 37008 36976 36876 36865 30976 30464 28864 28816 28784 28684 28673 15872 12512 12302 12297 12295 3808 3728 3696 3598 3587 3328 3081 3079 2496 2400 2320 2313 2311 1984 1888 1808 1801 1799 992 912 880 782 238 233 231 208 176 158 153 151 126 121 119 13 11 
59648 59136 57358 57353 57351 52736 49296 49264 45056 40448 37632 37056 36880 36872 36870 32256 29440 28864 28688 28680 28678 14592 14080 12302 12297 12295 4240 4208 3808 3632 3598 3587 3328 2496 2448 2416 2316 2313 2311 1984 1936 1904 1804 1801 1799 992 782 236 230 225 206 195 176 158 153 151 126 121 119 13 11 
60928 58112 57472 57440 57356 57350 57345 51456 50944 49376 49296 49264 49166 49155 45056 39936 39168 38656 37056 36960 36880 36878 36873 36871 31744 30976 30464 28864 28768 28688 28686 28681 28679 15872 4320 4240 4208 3712 3680 3086 3075 2816 2528 2448 2416 2057 2055 2016 1936 1904 1550 1545 1543 270 259 238 233 231 158 153 151 126 121 119 
60928 59648 59136 57568 57392 57358 57347 53248 49296 49264 49161 49159 39936 38400 37120 37008 36976 36876 36873 36871 31744 30208 28928 28816 28784 28684 28681 28679 15872 14592 14080 12512 12302 3808 3728 3696 3598 3587 3328 3081 3079 2816 2528 2448 2416 2313 2311 2016 1936 1904 1801 1799 782 238 227 208 201 199 176 158 147 126 115 105 103 25 23 13 
59392 58880 57536 57360 49296 49264 49166 49161 49159 45056 40448 39168 38656 37056 36880 36878 36873 36871 32992 32256 30976 30464 28864 28688 28686 28681 28679 24800 24720 24688 4240 4208 3712 3680 3598 3587 3328 3296 3120 3081 3079 2816 2496 2400 2320 2313 2311 2192 2160 1984 1888 1808 1801 1799 1680 1648 782 480 304 236 230 225 201 199 142 110 105 103 60 54 49 25 23 13 11 
60928 59648 59136 57568 57392 57356 57345 53248 49166 49161 49159 39936 37120 37056 37008 36976 36878 36873 36871 31744 28928 28864 28816 28784 28686 28681 28679 15872 14592 14080 12512 3728 3696 3598 3587 3328 2816 2496 2448 2416 2316 2313 2311 1984 1936 1904 1804 1801 1799 782 238 233 231 208 156 145 124 113 62 57 55 13 11 
59392 58880 57568 57392 57358 57353 57351 53248 51456 50944 40448 39168 38656 37056 37008 36976 36876 36865 32256 30976 30464 28864 28816 28784 28684 28673 12512 12302 12297 12295 3808 3728 3696 3596 3585 3086 3075 2528 2448 2416 2016 1936 1904 780 769 270 259 208 206 195 176 156 145 137 135 124 113 105 103 30 19 
60416 59648 59136 57568 57392 57356 57350 57345 53248 52736 49296 49264 49166 49161 49159 40448 37632 37008 36976 36878 36873 36871 32256 29440 28816 28784 28686 28681 28679 14592 14080 12512 3776 3680 3600 3598 3587 3328 3296 3216 3184 3081 3079 2528 2448 2416 2313 2311 2016 1936 1904 1801 1799 782 232 230 208 201 199 176 156 150 145 142 124 118 113 110 105 103 25 23 13 11 
60928 58112 57568 57392 57356 57353 57351 53248 51456 50944 49296 49264 49166 45056 40448 37632 37008 36976 36876 36873 36871 32256 29440 28816 28784 28684 28681 28679 26880 26368 24590 12512 6400 5888 4110 3808 3632 3598 3587 3328 3216 3184 2496 2448 2416 2316 2313 2311 1984 1936 1904 1804 1801 1799 992 782 236 233 231 208 206 158 147 126 115 57 55 13 
60416 57600 57536 57360 57358 57347 51456 50944 49161 49159 38912 38400 36878 36867 36352 32864 30720 30208 28686 28675 28160 26880 26368 24672 24585 24583 15360 12544 12480 12304 6400 5888 4105 4103 3776 3728 3696 3598 3587 3328 2816 2496 2448 2416 2316 2313 2311 2272 1984 1936 1904 1804 1801 1799 1760 782 238 227 176 156 153 151 124 121 119 62 13 
59648 59136 57472 57440 57356 57353 57351 52736 49376 49296 49264 49166 39936 39168 38656 37056 36960 36880 36873 36871 31744 30976 30464 28864 28768 28688 28681 28679 28160 24800 24720 24688 24590 12300 7680 4320 4240 4208 4110 3808 3632 3084 3081 3079 2816 2448 2416 2316 2305 2062 1936 1904 1804 1793 1550 1545 1543 992 265 263 238 227 201 199 176 156 153 151 124 121 119 62 11 
60928 58112 57358 57347 51456 50944 49344 49296 49264 49161 49159 40448 37632 37056 36880 36878 36867 32992 32256 29440 28864 28688 28686 28675 24800 24720 24688 6400 5888 4240 4208 4105 4103 3598 3587 3328 3296 3120 3081 3079 2528 2448 2416 2313 2311 2016 1936 1904 1801 1799 782 233 231 204 156 153 151 142 124 121 119 110 13 
59648 59136 57568 57392 57358 57347 53248 52736 49161 49159 45056 39168 38656 37056 37008 36976 36878 36867 30976 30464 28864 28816 28784 28686 28675 28160 24585 24583 12512 7680 4105 4103 3728 3696 3598 3587 3328 3264 2528 2352 2316 2313 2311 2016 1840 1804 1801 1799 912 880 782 238 227 208 153 151 121 119 62 13 
60928 58112 57536 57440 57360 57356 57350 57345 51456 50944 49161 49159 40448 37632 36992 36960 32992 32912 32880 32782 32256 29440 28800 28768 26880 26368 24800 24720 24688 24590 24585 24583 12480 12304 12300 12294 12289 6400 5888 4105 4103 3808 3632 3598 3587 3328 2496 2448 2416 2316 2313 2311 1984 1936 1904 1804 1801 1799 992 782 204 198 193 176 158 153 151 126 121 119 13 11 
60928 59648 59136 57568 57392 57358 57347 53248 49161 49159 39936 38400 37120 37056 37008 36976 36876 36873 36871 31744 30208 28928 28864 28816 28784 28684 28681 28679 15872 14592 14080 12512 12302 3776 3728 3696 3598 3587 3328 3296 3081 3079 2816 2496 2448 2416 2313 2311 1984 1936 1904 1801 1799 1760 782 480 236 233 231 208 206 158 147 126 115 57 55 13 
60928 58112 57568 57392 57353 57351 53248 51456 50944 49296 49264 49166 39168 38656 37008 36976 36878 36867 30976 30464 28816 28784 28686 28675 15872 12512 12297 12295 3808 3632 3596 3585 3216 3184 3086 3075 2816 2448 2416 2057 2055 1936 1904 1550 1545 1543 992 780 769 270 259 236 233 231 208 158 147 126 115 57 55 11 
59648 59136 57568 57392 57358 57347 53248 52224 49296 49264 49161 49159 40448 37632 37008 36976 36876 36873 36871 32256 29440 28816 28784 28684 28681 28679 14592 14080 12512 12302 3712 3680 3598 3587 3328 3264 3216 3184 2528 2448 2416 2316 2313 2311 2016 1936 1904 1804 1801 1799 782 238 227 208 201 199 176 158 147 126 115 105 103 25 23 13 
60928 58112 57536 57360 57358 57347 49376 49200 49161 49159 45056 39936 39168 38656 36873 36871 32912 32880 31744 30976 30464 28681 28679 24800 24720 24688 15872 12480 12304 12302 4320 4144 3728 3696 3598 3587 3328 3296 3081 3079 2528 2352 2313 2311 2016 1840 1801 1799 912 880 782 233 231 206 176 158 147 126 115 57 55 13 
59648 59136 57568 57392 57352 57350 53248 52224 49164 49161 49159 40448 37632 37056 37008 36976 36878 36873 36871 32256 29440 28864 28816 28784 28686 28681 28679 14592 14080 12512 3808 3632 3598 3587 3328 3216 3184 3081 3079 2496 2448 2416 2313 2311 1984 1936 1904 1801 1799 992 782 238 233 231 208 156 150 145 124 118 113 62 57 55 13 11 
57472 57440 57358 57347 52736 51456 50944 49344 49168 45056 40448 39168 38656 36992 36960 36873 36871 32256 30976 30464 28800 28768 28681 28679 12302 4288 4112 3728 3696 3264 3086 3075 2448 2416 2272 1936 1904 1760 1544 1542 448 270 259 238 227 201 199 176 156 153 151 124 121 119 62 11 
60928 59648 59136 57353 57351 49376 49200 49166 45056 38912 38400 36878 36867 30720 30208 28686 28675 24704 24672 15872 14592 14080 12297 12295 4320 4144 3808 3728 3696 3598 3587 3328 2816 2528 2448 2416 2316 2313 2311 2016 1936 1904 1804 1801 1799 782 233 231 204 156 153 151 124 121 119 13 
57568 57392 57356 57353 57351 53248 52736 49920 49296 49264 49166 40448 39168 38656 37008 36976 36878 36867 32256 30976 30464 28816 28784 28686 28675 12512 12297 12295 3808 3632 3598 3587 3328 3216 3184 3081 3079 2816 2528 2352 2313 2311 2016 1840 1801 1799 782 400 368 238 227 208 153 151 121 119 62 13 
60928 59648 59136 57536 57440 57360 57358 57353 57351 49376 49296 49264 45056 37056 36960 36880 36872 36870 28864 28768 28688 28680 28678 15872 14592 14080 12302 12297 12295 4320 4240 4208 3776 3728 3696 3598 3587 3328 3081 3079 2816 2496 2448 2416 2313 2311 1984 1936 1904 1801 1799 782 232 230 204 193 176 158 153 151 126 121 119 13 11 
60928 58112 57536 57440 57360 57358 57347 51456 50944 49296 49264 45056 39936 39168 38656 37056 36960 36880 36873 36871 32992 31744 30976 30464 28864 28768 28688 28681 28679 24800 24720 24688 15872 12302 4240 4208 3776 3680 3600 3592 3590 3296 3120 3084 3081 3079 2816 2528 2448 2416 2316 2310 2305 2016 1936 1904 1804 1798 1793 265 263 233 231 206 156 153 151 124 121 119 110 30 11 
60416 59648 59136 57568 57392 57358 57347 53248 40448 37632 37056 37008 36976 36876 36873 36871 32256 29440 28864 28816 28784 28684 28681 28679 14592 14080 12512 12302 3776 3728 3696 3596 3590 3585 3086 3075 2816 2528 2352 2312 2310 2016 1840 1800 1798 912 880 780 769 270 259 238 227 208 201 199 153 151 121 119 62 11 
60928 58112 57352 57350 51456 50944 49344 49168 49164 49153 45056 39936 39168 38656 36878 36873 36871 32992 32912 32880 31744 30976 30464 28686 28681 28679 24800 24720 24688 15872 4288 4112 3808 3632 3596 3585 2816 2448 2416 2054 1936 1904 1542 992 780 769 206 201 199 176 158 153 151 126 121 119 
60928 58112 57568 57392 57356 57353 57351 53248 49166 39168 38656 37056 37008 36976 36878 36867 30976 30464 28864 28816 28784 28686 28675 15872 12512 12297 12295 3808 3728 3696 3598 3587 3328 2496 2320 2316 2313 2311 1984 1808 1804 1801 1799 992 912 880 782 236 233 231 208 176 153 151 121 119 60 13 
60416 59648 59136 57472 57440 57358 57353 57351 49376 49200 45056 40448 37632 36992 36960 32912 32880 32256 29440 28800 28768 24800 24720 24688 14592 14080 12302 12297 12295 4320 4144 3712 3680 3598 3587 3328 3296 3120 2528 2448 2416 2316 2313 2311 2016 1936 1904 1804 1801 1799 782 238 233 231 158 153 151 126 121 119 13 11 
60928 58112 57568 57392 57358 57353 57351 53248 49296 49264 39168 38656 37008 36976 36876 36870 36865 30976 30464 28816 28784 28684 28678 28673 15872 12512 12302 12297 12295 3728 3696 3598 3587 3328 3264 3081 3079 2528 2352 2313 2311 2016 1840 1801 1799 912 880 782 236 230 225 208 158 153 151 126 121 119 13 11 
59392 58880 57568 57392 57356 57353 57351 53248 52736 49920 45056 39936 38400 37120 37056 37008 36976 36876 36873 36871 35072 34560 32782 31744 30208 28928 28864 28816 28784 28684 28681 28679 26880 26368 24590 12512 7680 4864 3808 3632 3596 3585 3216 3184 2528 2352 2054 2016 1840 1680 1648 1542 780 769 400 368 238 227 208 201 199 153 151 121 119 62 11 
60416 59648 59136 57568 57392 57358 57347 53248 49296 49264 49161 49159 45056 39168 38656 37008 36976 36878 36867 30976 30464 28816 28784 28686 28675 15360 12512 4105 4103 3776 3728 3696 3598 3587 3328 3296 3081 3079 2528 2352 2313 2311 2016 1840 1801 1799 912 880 782 238 227 208 153 151 121 119 62 13 
60928 58112 57568 57392 57356 57353 57351 53248 49296 49264 45056 40448 37632 37008 36976 36876 36873 36871 32256 29440 28816 28784 28684 28681 28679 12512 3808 3728 3696 3596 3590 3585 3086 3081 3079 2816 2432 2400 2316 2310 2305 1920 1888 1804 1798 1793 992 912 880 270 265 263 233 231 208 204 176 153 151 142 121 119 110 28 11 
60416 59648 59136 57353 57351 49376 49200 49164 39936 39168 38656 36873 36871 32782 31744 30976 30464 28681 28679 24704 24672 24590 4320 4144 4108 3808 3632 3592 3590 3084 3073 2816 2448 2416 2312 2310 1936 1904 1800 1798 992 268 257 238 227 201 199 176 156 153 151 124 121 119 62 11 
60928 58112 57568 57392 57358 57353 57351 53248 45056 40448 37632 37056 37008 36976 36878 36873 36871 35072 34560 32256 29440 28864 28816 28784 28686 28681 28679 26880 26368 12512 3728 3696 3296 3086 3075 2816 2528 2352 2016 1840 1544 1542 912 880 270 259 208 204 201 199 158 153 151 126 121 119 
60928 59648 59136 57536 57440 57360 57356 57353 57351 40448 39168 38656 36992 36960 36873 36871 32992 32912 32880 32782 32256 30976 30464 28800 28768 28681 28679 24800 24720 24688 24590 12480 12304 12300 3808 3632 3598 3587 3328 3081 3079 2816 2528 2352 2313 2311 2016 1840 1801 1799 782 236 233 231 176 158 147 126 115 57 55 13 
60416 57600 57536 57360 57358 57347 52736 49920 49376 49200 38912 38400 36878 36867 32912 32880 32777 32775 30720 30208 28686 28675 28160 25344 24800 24720 24688 24585 24583 15360 12544 12480 12304 7680 4864 4320 4144 3776 3600 3592 3590 3296 3120 3086 3081 3079 2432 2400 2316 2310 2305 1920 1888 1804 1798 1793 1760 1584 1550 1545 1543 960 784 480 304 270 265 263 238 227 158 147 126 115 11 
60928 59648 59136 57568 57392 57358 57347 53248 49296 49264 45056 40448 39168 38656 37008 36976 36878 36867 32256 30976 30464 28816 28784 28686 28675 12512 3776 3728 3696 3596 3590 3585 2448 2416 2312 2310 2272 2062 2057 2055 1936 1904 1800 1798 1760 1550 1545 1543 960 780 769 233 231 208 206 158 147 126 115 57 55 11 
60416 58880 57600 57472 57440 57356 57345 52736 49920 49376 49296 49264 49166 49155 37056 36960 36880 36872 36870 35072 34560 28864 28768 28688 28680 28678 26880 26368 24800 24720 24688 24590 24579 15360 13824 12544 12300 12289 7680 4864 4320 4240 4208 4110 4099 3808 3632 3596 3585 3086 3075 2528 2352 2192 2160 2057 2055 2016 1840 1680 1648 1550 1545 1543 780 769 270 259 238 233 231 176 62 57 55 
59648 59136 57472 57440 57356 57353 57351 52224 49344 49296 49264 39936 39168 38656 37056 36960 36880 36873 36871 36352 31744 30976 30464 28864 28768 28688 28681 28679 28160 12300 4240 4208 3808 3728 3696 3598 3587 3328 2496 2320 2316 2313 2311 1984 1808 1804 1801 1799 992 912 880 782 238 227 201 199 158 147 126 115 25 23 13 
60928 58112 57568 57392 57353 57351 53248 51456 50944 49164 45056 40448 37632 37056 37008 36976 36876 36873 36871 32782 32256 29440 28864 28816 28784 28684 28681 28679 26880 26368 24590 12512 6400 5888 3808 3632 3598 3587 3328 3216 3184 3081 3079 2496 2448 2416 2313 2311 1984 1936 1904 1801 1799 992 782 233 231 208 204 158 147 126 115 57 55 13 
59648 59136 57536 57360 57358 57353 57351 52224 39936 39168 38656 36878 36873 36871 32864 31744 30976 30464 28686 28681 28679 24672 12480 12304 3776 3728 3696 3598 3587 3328 3081 3079 2528 2352 2313 2311 2016 1840 1801 1799 912 880 782 238 233 231 176 152 150 120 118 62 57 55 13 11 
60928 58112 57536 57440 57360 57356 57350 57345 49376 49200 49166 49155 40448 37632 36992 36960 32777 32775 32256 29440 28800 28768 24585 24583 12480 12304 12300 12294 12289 4320 4144 4110 4099 3808 3728 3696 3596 3590 3585 3081 3079 2816 2432 2400 2316 2310 2305 2062 1920 1888 1804 1798 1793 1550 1545 1543 992 912 880 265 263 236 225 206 195 152 150 120 118 110 99 60 49 30 19 
59648 59136 57568 57392 57358 57347 53248 52224 45056 39168 38656 37056 37008 36976 36878 36867 36352 32777 32775 30976 30464 28864 28816 28784 28686 28675 28160 24585 24583 12512 7168 3596 3585 3296 3216 3184 3086 3081 3079 2816 2528 2448 2416 2316 2305 2016 1936 1904 1804 1793 1550 1545 1543 270 265 263 238 227 208 176 158 147 126 115 11 
59648 59136 57568 57392 57352 57350 53248 52224 49296 49264 49166 49155 45056 39168 38656 37008 36976 36876 36870 36865 30976 30464 28816 28784 28684 28678 28673 27648 24590 24579 12512 7168 4110 4099 3808 3632 3592 3590 3216 3184 3086 3075 2816 2448 2416 2312 2310 2057 2055 1936 1904 1800 1798 1550 1545 1543 992 270 259 238 233 231 208 156 150 145 124 118 113 62 57 55 
60416 58880 57600 57568 57392 57353 57351 53248 49164 40448 39168 38656 37056 37008 36976 36878 36867 32256 30976 30464 28864 28816 28784 28686 28675 12512 12297 12295 3808 3632 3598 3587 3328 3216 3184 2816 2528 2352 2316 2313 2311 2016 1840 1804 1801 1799 1680 1648 782 400 368 238 227 208 153 151 121 119 62 13 
60928 59648 59136 57568 57392 57358 57347 53248 39936 38400 37120 37056 37008 36976 36876 36873 36871 31744 30208 28928 28864 28816 28784 28684 28681 28679 15872 14592 14080 12512 12302 3776 3680 3600 3596 3590 3585 3216 3184 2312 2310 2272 2062 2057 2055 1800 1798 1760 1680 1648 1550 1545 1543 960 864 784 780 769 400 368 233 231 208 204 176 153 151 121 119 108 28 11 
60416 58880 57600 57358 57347 51456 50944 49344 49296 49264 45056 40448 39168 38656 37056 36880 36873 36871 32992 32256 30976 30464 28864 28688 28681 28679 24800 24720 24688 12302 4240 4208 3776 3728 3696 3592 3590 3296 3086 3081 3079 2448 2416 2316 2310 2305 1936 1904 1804 1798 1793 1760 1550 1545 1543 960 480 270 265 263 238 227 201 199 176 156 153 151 124 121 119 62 11 
60928 59648 59136 57568 57392 53248 49296 49264 49166 49155 39936 37120 37008 36976 36878 36873 36871 31744 28928 28816 28784 28686 28681 28679 15872 14592 14080 12512 3808 3632 3216 3184 3084 3081 3079 2528 2352 2316 2305 2062 2016 1840 1804 1793 1550 1545 1543 400 368 265 263 232 230 208 204 201 199 158 153 151 126 121 119 
60928 58112 57568 57392 57353 57351 53248 49296 49264 49164 39168 38656 37008 36976 36878 36867 30976 30464 28816 28784 28686 28675 15872 12512 12297 12295 3808 3728 3696 3598 3587 3328 3081 3079 2496 2400 2320 2313 2311 1984 1888 1808 1801 1799 992 912 880 782 233 231 208 206 176 153 151 121 119 110 30 13 
59648 59136 57536 57440 57360 57356 57353 57351 52736 49376 49200 45056 40448 37632 36992 36960 36878 36867 32256 29440 28800 28768 28686 28675 14592 14080 12480 12304 12297 12295 4320 4144 3808 3632 3598 3587 3328 2496 2448 2416 2316 2313 2311 1984 1936 1904 1804 1801 1799 992 782 238 227 176 156 153 151 124 121 119 62 13 
60928 58112 57568 57392 57358 57353 57351 53248 39168 38656 37056 37008 36976 36876 36865 30976 30464 28864 28816 28784 28684 28673 15872 12512 12302 12297 12295 3776 3728 3696 3598 3587 3328 3296 2528 2352 2316 2313 2311 2016 1840 1804 1801 1799 912 880 782 208 206 195 158 153 151 126 121 119 13 11 
60928 58112 57536 57360 57358 57347 51456 50944 45056 39936 39168 38656 36873 36871 32864 31744 30976 30464 28681 28679 24672 15872 12480 12304 12302 3712 3680 3264 3088 3084 3073 2816 2528 2448 2416 2062 2057 2055 2016 1936 1904 1550 1545 1543 268 257 236 233 231 156 153 151 124 121 119 11 
59648 59136 57568 57392 57352 57350 53248 52736 49166 49155 40448 37632 37056 37008 36976 36878 36873 36871 32256 29440 28864 28816 28784 28686 28681 28679 14592 14080 12512 3808 3728 3696 3592 3590 3086 3075 2816 2312 2310 2057 2055 1800 1798 1550 1545 1543 992 912 880 270 259 238 233 231 208 176 158 153 151 126 121 119 
60928 58112 57472 57440 57356 57350 57345 51456 50944 49344 49296 49264 49166 49155 45056 39936 39168 38656 37056 36960 36880 36878 36873 36871 31744 30976 30464 28864 28768 28688 28686 28681 28679 15872 4240 4208 3808 3632 3596 3590 3585 3081 3079 2816 2448 2416 2316 2310 2305 2062 1936 1904 1804 1798 1793 1550 1545 1543 992 265 263 236 230 225 201 199 176 158 153 151 126 121 119 
57472 57440 57358 57347 52224 50688 49408 49376 49200 49161 49159 45056 40448 39168 38656 36992 36960 36873 36871 32912 32880 32256 30976 30464 28800 28768 28681 28679 24800 24720 24688 12302 4320 4144 3712 3680 3598 3587 3328 3296 3120 3081 3079 2816 2496 2400 2320 2313 2311 1984 1888 1808 1801 1799 1760 1584 782 480 304 238 227 201 199 158 147 126 115 105 103 25 23 13 
60928 59648 59136 57568 57392 57358 57347 53248 49296 49264 49161 49159 39936 38400 37120 37008 36976 36876 36873 36871 31744 30208 28928 28816 28784 28684 28681 28679 15872 14592 14080 12512 12302 3728 3696 3598 3587 3328 3264 2816 2496 2448 2416 2316 2313 2311 2272 1984 1936 1904 1804 1801 1799 1760 782 233 231 208 204 158 147 126 115 57 55 13 
59392 58880 57536 57360 52224 49408 49376 49296 49264 49166 49161 49159 45056 40448 39168 38656 37056 36880 36878 36873 36871 32256 30976 30464 28864 28688 28686 28681 28679 24800 24720 24688 4320 4240 4208 3808 3632 3598 3587 3328 2816 2528 2352 2316 2313 2311 2192 2160 2016 1840 1804 1801 1799 1680 1648 782 238 233 231 176 62 57 55 13 11 
57568 57392 57356 57353 57351 53248 52224 51456 50944 49296 49264 40448 39168 38656 37008 36976 36878 36867 32256 30976 30464 28816 28784 28686 28675 12512 12297 12295 3808 3728 3696 3596 3585 2528 2448 2416 2054 2016 1936 1904 1542 780 769 238 227 208 176 158 147 137 135 126 115 105 103 11 
60928 59648 59136 57536 57440 57360 57358 57353 57351 49296 49264 45056 37056 36960 36880 36872 36870 32992 28864 28768 28688 28680 28678 24800 24720 24688 15872 14592 14080 12302 12297 12295 4240 4208 3776 3680 3600 3596 3590 3585 3296 3120 3086 3075 2312 2310 2192 2160 1800 1798 1680 1648 960 864 784 780 769 480 304 270 259 236 230 225 206 195 137 135 105 103 60 54 49 30 19 
59392 58880 57568 57392 57358 57353 57351 53248 52224 51456 50944 40448 39168 38656 37056 37008 36976 36876 36865 32256 30976 30464 28864 28816 28784 28684 28673 12512 12302 12297 12295 3776 3728 3696 3592 3590 3084 3081 3079 2448 2416 2316 2310 2305 1936 1904 1804 1798 1793 960 265 263 238 233 231 208 156 145 124 113 62 57 55 
60416 59648 59136 57568 57392 57358 57347 53248 52736 49161 49159 40448 37632 37056 37008 36976 36876 36873 36871 32256 29440 28864 28816 28784 28684 28681 28679 14592 14080 12512 12302 3776 3680 3600 3598 3587 3328 3296 3216 3184 3081 3079 2528 2448 2416 2313 2311 2016 1936 1904 1801 1799 782 238 227 208 201 199 176 158 147 126 115 105 103 25 23 13 
60928 58112 57352 57350 49376 49200 49166 49161 49159 45056 39936 39168 38656 36878 36873 36871 31744 30976 30464 28686 28681 28679 24704 24672 15872 4320 4144 3808 3728 3696 3598 3587 3328 3081 3079 2496 2400 2320 2313 2311 1984 1888 1808 1801 1799 992 912 880 782 236 225 201 199 152 150 142 120 118 110 105 103 60 49 25 23 13 11 
60416 59648 59136 57568 57392 57356 57350 57345 53248 52736 49296 49264 49166 49161 49159 40448 37632 37008 36976 36878 36873 36871 32256 29440 28816 28784 28686 28681 28679 14592 14080 12512 3808 3632 3598 3587 3328 3216 3184 2496 2448 2416 2316 2313 2311 1984 1936 1904 1804 1801 1799 992 782 238 233 231 208 156 150 145 124 118 113 62 57 55 13 11 
60928 58112 57568 57392 57358 57353 57351 53248 51456 50944 49296 49264 39168 38656 37008 36976 36876 36870 36865 30976 30464 28816 28784 28684 28678 28673 15872 12512 12302 12297 12295 3712 3680 3296 3216 3184 3086 3075 2816 2528 2448 2416 2016 1936 1904 1544 1542 270 259 232 230 208 206 195 176 156 150 145 137 135 124 118 113 105 103 30 19 
60928 58112 57358 57347 51456 50944 49376 49296 49264 49161 49159 40448 37632 37056 36880 36878 36867 32256 29440 28864 28688 28686 28675 26880 26368 24800 24720 24688 24585 24583 6400 5888 4320 4240 4208 4105 4103 3808 3632 3598 3587 3328 2496 2448 2416 2316 2313 2311 1984 1936 1904 1804 1801 1799 992 782 238 227 176 156 153 151 124 121 119 62 13 
59648 59136 57568 57392 57358 57347 53248 49296 49264 49161 49159 40448 37632 37008 36976 36876 36873 36871 32256 29440 28816 28784 28684 28681 28679 14592 14080 12512 12302 3808 3632 3598 3587 3328 3216 3184 3081 3079 2496 2448 2416 2313 2311 1984 1936 1904 1801 1799 992 782 236 233 231 208 206 158 147 126 115 57 55 13 
60928 59648 59136 57353 57351 49166 45056 38912 38400 36878 36867 30720 30208 28686 28675 15872 14592 14080 12297 12295 3776 3728 3696 3598 3587 3328 3081 3079 2816 2496 2448 2416 2313 2311 2272 1984 1936 1904 1801 1799 1760 782 238 227 176 156 153 151 124 121 119 62 13 
60928 58112 57536 57440 57360 57358 57347 51456 50944 49376 49296 49264 45056 39936 39168 38656 37056 36960 36880 36873 36871 31744 30976 30464 28864 28768 28688 28681 28679 24800 24720 24688 15872 12302 4320 4240 4208 3808 3632 3596 3585 3086 3075 2816 2448 2416 1936 1904 992 780 769 270 259 238 227 201 199 176 156 153 151 124 121 119 62 11 
60416 59648 59136 57536 57360 57353 57351 49296 49264 49166 45056 40448 37632 37056 36880 36878 36867 32992 32256 29440 28864 28688 28686 28675 24800 24720 24688 14592 14080 12297 12295 4240 4208 3712 3680 3598 3587 3328 3296 3120 2528 2448 2416 2316 2313 2311 2016 1936 1904 1804 1801 1799 782 233 231 156 153 151 124 121 119 13 
60928 58112 57568 57392 57356 57353 57351 53248 49166 39168 38656 37056 37008 36976 36878 36867 30976 30464 28864 28816 28784 28686 28675 15872 12512 12297 12295 3728 3696 3598 3587 3328 3081 3079 2528 2352 2313 2311 2016 1840 1801 1799 912 880 782 238 227 208 153 151 121 119 62 13 
60416 59648 59136 57472 57440 57358 57353 57351 45056 40448 37632 36992 36960 32992 32912 32880 32256 29440 28800 28768 24800 24720 24688 14592 14080 12302 12297 12295 3808 3632 3598 3587 3328 3081 3079 2496 2448 2416 2313 2311 1984 1936 1904 1801 1799 992 782 200 198 176 158 153 151 126 121 119 13 11 
60928 58112 57568 57392 57356 57353 57351 53248 49296 49264 45056 40448 37632 37008 36976 36876 36873 36871 35072 34560 32782 32256 29440 28816 28784 28684 28681 28679 26880 26368 24590 12512 3728 3696 3296 2816 2528 2352 2016 1840 912 880 238 227 208 201 199 153 151 121 119 62 11 
60416 57600 57536 57360 57358 57347 52736 49920 38912 38400 36878 36867 35072 34560 32992 32912 32880 30720 30208 28686 28675 26880 26368 24800 24720 24688 15360 12544 12480 12304 7680 4864 3808 3632 3596 3585 2528 2352 2062 2057 2055 2016 1840 1550 1545 1543 780 769 236 233 231 206 176 158 147 126 115 57 55 11 
59648 59136 57472 57440 57356 57353 57351 49376 49296 49264 39936 39168 38656 37056 36960 36880 36873 36871 32782 31744 30976 30464 28864 28768 28688 28681 28679 24590 12300 4320 4240 4208 3776 3728 3696 3598 3587 3328 3081 3079 2528 2352 2313 2311 2016 1840 1801 1799 912 880 782 236 233 231 176 158 147 126 115 57 55 13 
60928 58112 57358 57347 49296 49264 40448 37632 37056 36880 36878 36867 32777 32775 32256 29440 28864 28688 28686 28675 24585 24583 4240 4208 3808 3728 3696 3596 3590 3585 3086 3081 3079 2816 2432 2400 2316 2310 2305 1920 1888 1804 1798 1793 1550 1545 1543 992 912 880 270 265 263 238 227 158 147 126 115 11 
59648 59136 57568 57392 57358 57347 53248 45056 39168 38656 37056 37008 36976 36878 36867 35840 30976 30464 28864 28816 28784 28686 28675 27648 12512 3808 3632 3592 3590 3216 3184 2816 2448 2416 2312 2310 2062 2057 2055 1936 1904 1800 1798 1550 1545 1543 992 233 231 208 206 158 147 126 115 57 55 11 
60928 58112 57536 57440 57360 57356 57350 57345 49166 49155 40448 37632 36992 36960 35072 34560 32256 29440 28800 28768 26880 26368 24590 24579 12480 12304 12300 12294 12289 4110 4099 3728 3696 3086 3075 2816 2528 2352 2057 2055 2016 1840 1550 1545 1543 912 880 270 259 238 233 231 176 152 150 120 118 62 57 55 
60928 59648 59136 57568 57392 57358 57347 53248 39936 38400 37120 37056 37008 36976 36876 36873 36871 31744 30208 28928 28864 28816 28784 28684 28681 28679 15872 14592 14080 12512 12302 3808 3632 3216 3184 3086 3081 3079 2528 2352 2316 2305 2016 1840 1804 1793 1680 1648 1550 1545 1543 400 368 270 265 263 238 227 208 201 199 153 151 121 119 62 11 
60928 58112 57568 57392 57353 57351 53248 49296 49264 39168 38656 37008 36976 36878 36867 30976 30464 28816 28784 28686 28675 15872 12512 12297 12295 3776 3728 3696 3598 3587 3328 3296 2528 2352 2316 2313 2311 2016 1840 1804 1801 1799 912 880 782 238 227 208 153 151 121 119 62 13 
59648 59136 57568 57392 57358 57347 53248 52736 49296 49264 40448 37632 37008 36976 36876 36873 36871 32256 29440 28816 28784 28684 28681 28679 14592 14080 12512 12302 3808 3728 3696 3592 3590 2816 2312 2310 2062 2057 2055 1800 1798 1550 1545 1543 992 912 880 233 231 208 176 153 151 140 121 119 108 11 
60928 58112 57536 57360 57358 57347 51456 50944 49376 49200 45056 39936 39168 38656 36873 36871 31744 30976 30464 28681 28679 15872 12480 12304 12302 4320 4144 3808 3632 3596 3590 3585 3086 3081 3079 2816 2448 2416 2316 2310 2305 1936 1904 1804 1798 1793 1550 1545 1543 992 270 265 263 238 227 201 199 176 156 153 151 124 121 119 62 11 
59648 59136 57568 57392 57352 57350 53248 52736 49166 49155 40448 37632 37056 37008 36976 36878 36873 36871 32256 29440 28864 28816 28784 28686 28681 28679 14592 14080 12512 3728 3696 3596 3585 3296 3081 3079 2816 2528 2352 2316 2305 2062 2016 1840 1804 1793 1550 1545 1543 912 880 265 263 208 201 199 158 153 151 126 121 119 
57472 57440 57358 57347 51200 50688 49161 49159 45056 40448 39168 38656 36992 36960 36873 36871 32992 32912 32880 32256 30976 30464 28800 28768 28681 28679 24800 24720 24688 12302 3808 3632 3598 3587 3328 2816 2528 2352 2316 2313 2311 2016 1840 1804 1801 1799 782 236 233 231 176 158 147 126 115 57 55 13 
60928 59648 59136 57353 57351 49376 49200 45056 38912 38400 36878 36867 32912 32880 30720 30208 28686 28675 24800 24720 24688 15872 14592 14080 12297 12295 4320 4144 3776 3680 3600 3596 3590 3585 3296 3120 2312 2310 1800 1798 1760 1584 960 864 784 780 769 480 304 238 227 158 147 137 135 126 115 105 103 11 
57568 57392 57356 57353 57351 53248 51456 50944 49296 49264 40448 39168 38656 37008 36976 36878 36867 32256 30976 30464 28816 28784 28686 28675 12512 12297 12295 3776 3728 3696 3592 3590 3086 3081 3079 2448 2416 2316 2310 2305 2272 1936 1904 1804 1798 1793 1760 960 270 265 263 233 231 208 206 158 147 126 115 57 55 11 
60928 59648 59136 57536 57440 57360 57358 57353 57351 49376 49296 49264 45056 37056 36960 36880 36872 36870 28864 28768 28688 28680 28678 24800 24720 24688 15872 14592 14080 12302 12297 12295 4320 4240 4208 3808 3632 3081 3079 2528 2352 2316 2305 2192 2160 2016 1840 1804 1793 1680 1648 265 263 238 233 231 176 62 57 55 
60928 58112 57536 57440 57360 57358 57347 49296 49264 49161 49159 45056 39936 39168 38656 37056 36960 36880 36873 36871 31744 30976 30464 28864 28768 28688 28681 28679 15872 12302 4240 4208 3808 3728 3696 3598 3587 3328 3081 3079 2496 2400 2320 2313 2311 1984 1888 1808 1801 1799 992 912 880 782 238 227 201 199 158 147 126 115 105 103 25 23 13 
60416 59648 59136 57568 57392 57358 57347 53248 52736 49161 49159 40448 37632 37056 37008 36976 36876 36873 36871 32256 29440 28864 28816 28784 28684 28681 28679 14592 14080 12512 12302 3808 3632 3598 3587 3328 3216 3184 2496 2448 2416 2316 2313 2311 1984 1936 1904 1804 1801 1799 992 782 233 231 208 158 147 126 115 57 55 13 
60928 58112 57352 57350 49166 49161 49159 45056 39936 39168 38656 36878 36873 36871 31744 30976 30464 28686 28681 28679 15872 3776 3728 3696 3598 3587 3328 2528 2352 2316 2313 2311 2016 1840 1804 1801 1799 912 880 782 238 233 231 176 152 150 120 118 62 57 55 13 11 
60928 58112 57568 57392 57356 57353 57351 53248 51456 50944 39168 38656 37056 37008 36976 36878 36867 30976 30464 28864 28816 28784 28686 28675 15872 12512 12297 12295 3712 3680 3296 3216 3184 2816 2528 2448 2416 2016 1936 1904 238 227 208 176 158 147 137 135 126 115 105 103 11 
60416 59648 59136 57472 57440 57358 57353 57351 52736 49376 49200 45056 40448 37632 36992 36960 32256 29440 28800 28768 14592 14080 12302 12297 12295 4320 4144 3808 3728 3696 3592 3590 3086 3075 2816 2312 2310 1800 1798 992 912 880 270 259 236 225 206 195 152 150 137 135 120 118 105 103 60 49 30 19 
60928 58112 57568 57392 57358 57353 57351 53248 51456 50944 49296 49264 39168 38656 37008 36976 36876 36870 36865 30976 30464 28816 28784 28684 28678 28673 15872 12512 12302 12297 12295 3808 3632 3596 3590 3585 3216 3184 3081 3079 2816 2448 2416 2316 2310 2305 1936 1904 1804 1798 1793 992 265 263 238 233 231 208 156 150 145 124 118 113 62 57 55 
60416 59648 59136 57536 57360 57353 57351 49376 49296 49264 49166 45056 40448 37632 37056 36880 36878 36867 32256 29440 28864 28688 28686 28675 24800 24720 24688 14592 14080 12297 12295 4320 4240 4208 3808 3632 3598 3587 3328 3081 3079 2496 2448 2416 2313 2311 1984 1936 1904 1801 1799 992 782 238 227 176 156 153 151 124 121 119 62 13 
60928 58112 57358 57347 49376 49296 49264 40448 37632 37056 36880 36878 36867 35072 34560 32256 29440 28864 28688 28686 28675 26880 26368 24672 4320 4240 4208 3728 3696 3264 3084 3073 2816 2528 2352 2062 2057 2055 2016 1840 1550 1545 1543 912 880 268 257 236 233 231 206 176 158 147 126 115 57 55 11 
59648 59136 57568 57392 57358 57347 53248 52736 49296 49264 40448 37632 37008 36976 36876 36873 36871 32256 29440 28816 28784 28684 28681 28679 14592 14080 12512 12302 3728 3696 3596 3585 3296 3086 3081 3079 2816 2528 2352 2316 2305 2016 1840 1804 1793 1550 1545 1543 912 880 270 265 263 238 227 208 201 199 153 151 121 119 62 11 
60928 59648 59136 57353 57351 49344 49168 49164 45056 38912 38400 36878 36867 32992 32912 32880 30720 30208 28686 28675 24800 24720 24688 15872 14592 14080 12297 12295 4288 4112 3808 3632 3086 3081 3079 2528 2352 2316 2305 2016 1840 1804 1793 1542 270 265 263 236 233 231 206 176 158 147 126 115 57 55 11 
60928 58112 57536 57440 57360 57358 57347 49376 49296 49264 49161 49159 45056 39936 39168 38656 37056 36960 36880 36873 36871 31744 30976 30464 28864 28768 28688 28681 28679 15872 12302 4320 4240 4208 3776 3728 3696 3598 3587 3328 2528 2352 2316 2313 2311 2016 1840 1804 1801 1799 912 880 782 236 233 231 176 158 147 126 115 57 55 13 
60416 59648 59136 57536 57360 57353 57351 52736 49296 49264 49164 45056 40448 37632 37056 36880 36878 36867 32256 29440 28864 28688 28686 28675 24672 14592 14080 12297 12295 4240 4208 3808 3728 3696 3592 3590 3084 3073 2816 2312 2310 1800 1798 992 912 880 268 257 238 227 158 147 137 135 126 115 105 103 11 
60928 58112 57568 57392 57356 57353 57351 53248 51456 50944 39168 38656 37056 37008 36976 36878 36867 30976 30464 28864 28816 28784 28686 28675 15872 12512 12297 12295 3808 3632 3596 3590 3585 3216 3184 3086 3081 3079 2816 2448 2416 2316 2310 2305 1936 1904 1804 1798 1793 992 270 265 263 233 231 208 206 158 147 126 115 57 55 11 
60416 59648 59136 57472 57440 57358 57353 57351 52736 49344 49168 45056 40448 37632 36992 36960 32256 29440 28800 28768 14592 14080 12302 12297 12295 4288 4112 3728 3696 3596 3585 3264 3081 3079 2816 2528 2352 2316 2305 2016 1840 1804 1793 1542 912 880 265 263 238 233 231 176 152 150 120 118 62 57 55 
60416 59648 59136 57536 57360 57353 57351 52736 49376 49296 49264 45056 40448 37632 37056 36880 36878 36867 32256 29440 28864 28688 28686 28675 14592 14080 12297 12295 4320 4240 4208 3728 3696 3596 3585 3086 3081 3079 2816 2528 2352 2316 2305 2016 1840 1804 1793 912 880 270 265 263 236 233 231 206 176 158 147 126 115 57 55 11 
