512 2 7 30583 1792 32 28672 8738 112 8192 
36783 36858 44943 45048 65418 65448 16303 16378 24495 24570 28591 28666 32655 32760 36735 36831 36855 36861 44863 44895 44911 45043 45045 45046 57231 57336 65338 65370 65386 65400 65415 65421 65443 65445 65446 65496 16255 16351 16375 16381 24447 24543 24567 24573 28543 28639 28663 28669 32575 32607 32623 32755 32757 32758 57151 57183 57199 57331 57333 57334 65335 65341 65367 65373 65383 65389 65395 65397 65398 65491 65493 65494 
35583 36783 43263 44943 63663 64143 15103 16303 23295 24495 27391 28591 30975 32655 34815 36351 36735 36831 41983 42495 42751 44863 44895 44911 55551 57231 62383 62895 63151 63375 63615 63711 64063 64095 64111 64911 14335 15871 16255 16351 22527 24063 24447 24543 26623 28159 28543 28639 29695 30207 30463 32575 32607 32623 54271 54783 55039 57151 57183 57199 62335 62431 62847 62943 63103 63199 63295 63327 63343 64831 64863 64879 
6911 8111 19199 20399 41471 42239 44831 44879 61871 62639 64031 64079 6143 7679 8063 8159 18431 19967 20351 20447 29183 29951 32543 32591 53759 54527 57119 57167 61823 61919 62591 62687 63263 63311 64799 64847 
8191 20479 61951 62719 65311 65359 65521 65524 45055 64255 65455 65530 
8111 8186 20399 20474 44831 44879 45041 45044 65306 65354 65441 65444 8063 8159 8183 8189 20351 20447 20471 20477 32543 32591 32753 32756 57119 57167 57329 57332 65303 65309 65351 65357 65393 65396 65489 65492 
35583 36858 43263 45048 63738 64248 15103 16378 23295 24570 27391 28666 30975 32760 34815 36351 36855 36861 41983 42495 42751 45043 45045 45046 55551 57336 62458 62970 63226 63480 63735 63741 64243 64245 64246 65016 14335 15871 16375 16381 22527 24063 24567 24573 26623 28159 28663 28669 29695 30207 30463 32755 32757 32758 54271 54783 55039 57331 57333 57334 62455 62461 62967 62973 63223 63229 63475 63477 63478 65011 65013 65014 
61871 61946 62639 62714 64031 64079 64241 64244 65306 65354 65441 65444 61823 61919 61943 61949 62591 62687 62711 62717 63263 63311 63473 63476 64799 64847 65009 65012 65303 65309 65351 65357 65393 65396 65489 65492 
36863 63743 65423 65528 16383 24575 28671 62463 62975 63231 65343 65375 65391 65523 65525 65526 
6911 8186 19199 20474 41471 42239 45041 45044 61946 62714 64241 64244 6143 7679 8183 8189 18431 19967 20471 20477 29183 29951 32753 32756 53759 54527 57329 57332 61943 61949 62711 62717 63473 63476 65009 65012 
63663 63738 64143 64248 65418 65448 62383 62458 62895 62970 63151 63226 63375 63480 63615 63711 63735 63741 64063 64095 64111 64243 64245 64246 64911 65016 65338 65370 65386 65400 65415 65421 65443 65445 65446 65496 62335 62431 62455 62461 62847 62943 62967 62973 63103 63199 63223 63229 63295 63327 63343 63475 63477 63478 64831 64863 64879 65011 65013 65014 65335 65341 65367 65373 65383 65389 65395 65397 65398 65491 65493 65494 
